inputs/cmu.txt
ncols        394
nrows        312
xllcorner    -79.950617283951
yllcorner    40.436388888889
cellsize     0.000030864198
[rows 145 to 173 of 312, columns 134 to 200 of 394]
284.881 284.827 285.075 285.426 285.505 285.532 285.603 285.677 285.749 285.932 286.268 286.377 286.552 286.831 286.936 287.155 287.327 287.384 287.363 286.985 286.730 287.272 288.145 288.605 288.816 289.057 289.408 289.632 289.727 289.902 290.112 290.314 290.514 290.711 290.871 290.856 290.826 290.794 290.816 290.995 291.182 291.354 291.468 291.648 291.831 292.018 292.200 292.331 292.396 292.459 292.498 292.518 292.538 292.554 292.574 292.596 292.617 292.619 292.647 292.661 292.695 292.743 292.784 292.843 292.871 292.875 292.987
284.633 284.745 285.092 285.447 285.529 285.542 285.590 285.664 285.791 286.059 286.421 286.545 286.852 287.082 287.188 287.393 287.511 287.586 287.530 287.280 286.973 287.196 287.998 288.654 288.922 289.206 289.758 290.015 290.131 290.102 290.183 290.352 290.566 290.776 290.973 291.031 290.989 290.962 290.925 291.051 291.238 291.376 291.547 291.734 291.920 292.104 292.291 292.462 292.535 292.593 292.621 292.638 292.658 292.676 292.691 292.680 292.652 292.710 292.767 292.781 292.770 292.762 292.774 292.806 292.826 292.849 292.900
284.485 284.666 285.056 285.446 285.556 285.567 285.585 285.658 285.907 286.176 286.583 286.838 287.206 287.333 287.434 287.612 287.701 287.777 287.701 287.417 287.292 287.545 288.328 288.759 288.884 289.406 289.892 290.031 290.162 290.293 290.421 290.535 290.613 290.797 290.977 291.165 291.188 291.133 291.089 291.107 291.285 291.455 291.635 291.819 292.006 292.189 292.375 292.567 292.675 292.723 292.744 292.764 292.741 292.710 292.675 292.684 292.747 292.806 292.871 292.918 292.914 292.911 292.908 292.900 292.897 292.947 293.032
284.352 284.530 284.864 285.224 285.472 285.517 285.534 285.747 286.025 286.306 286.743 287.259 287.512 287.589 287.685 287.809 287.893 287.970 287.851 287.647 287.784 288.301 288.705 288.890 288.998 289.552 289.932 290.015 290.147 290.278 290.405 290.540 290.669 290.824 291.018 291.198 291.225 291.298 291.367 291.259 291.334 291.530 291.720 291.899 292.084 292.269 292.455 292.645 292.813 292.813 292.785 292.746 292.709 292.684 292.723 292.783 292.845 292.908 292.967 293.032 293.060 293.051 293.049 293.046 293.044 293.095 293.160
284.408 284.581 284.726 284.891 285.070 285.286 285.548 285.863 286.118 286.199 286.701 287.239 287.446 287.679 287.908 287.986 287.988 288.047 287.887 287.714 288.338 288.721 288.893 288.937 289.142 289.745 289.918 290.002 290.131 290.263 290.393 290.517 290.637 290.828 291.089 291.194 291.159 291.180 291.276 291.331 291.313 291.515 291.704 291.887 292.078 292.267 292.442 292.596 292.754 292.783 292.747 292.708 292.701 292.760 292.825 292.883 292.943 293.007 293.066 293.128 293.191 293.194 293.189 293.187 293.188 293.242 293.309
284.567 284.837 284.994 285.130 285.242 285.384 285.564 285.848 285.850 286.114 286.498 286.742 286.971 287.205 287.423 287.690 288.023 288.116 287.943 288.076 288.436 288.829 288.956 289.056 289.472 289.837 289.907 289.993 290.116 290.244 290.368 290.493 290.609 290.834 291.102 291.184 291.162 291.123 291.225 291.331 291.329 291.502 291.689 291.856 292.010 292.165 292.324 292.479 292.635 292.741 292.707 292.736 292.797 292.859 292.920 292.981 293.044 293.103 293.164 293.226 293.288 293.335 293.332 293.327 293.331 293.393 293.457
284.517 284.722 284.955 285.188 285.482 285.695 285.783 285.945 286.103 286.214 286.296 286.437 286.633 286.803 287.051 287.346 287.661 287.880 288.077 288.338 288.547 288.731 288.936 289.143 289.333 289.431 289.630 289.831 290.020 290.186 290.334 290.458 290.604 290.793 290.981 291.140 291.221 291.181 291.274 291.356 291.396 291.475 291.629 291.781 291.935 292.084 292.237 292.389 292.544 292.686 292.777 292.838 292.900 292.958 293.020 293.084 293.143 293.202 293.266 293.326 293.387 293.451 293.471 293.469 293.477 293.541 293.606
284.435 284.728 284.955 285.063 285.293 285.600 285.880 286.173 286.369 286.548 286.682 286.844 287.000 287.047 287.131 287.201 287.351 287.591 287.768 288.001 288.256 288.457 288.693 288.884 289.273 289.437 289.410 289.579 289.770 290.024 290.328 290.608 290.740 290.839 290.886 290.993 291.134 291.263 291.339 291.442 291.401 291.497 291.693 291.849 291.997 292.147 292.292 292.442 292.534 292.621 292.723 292.856 292.944 293.028 293.105 293.182 293.243 293.305 293.363 293.423 293.486 293.548 293.602 293.607 293.626 293.690 293.756
284.898 285.079 285.300 285.336 285.371 285.526 285.711 285.867 286.024 286.297 286.636 286.888 286.942 287.221 287.306 287.278 287.525 287.976 288.016 288.073 288.166 288.298 288.477 288.696 289.110 289.145 289.258 289.465 289.638 289.840 290.156 290.498 290.769 290.922 291.094 291.260 291.367 291.490 291.659 291.563 291.414 291.499 291.704 291.902 292.062 292.211 292.361 292.446 292.479 292.542 292.623 292.758 292.905 293.011 293.099 293.185 293.274 293.363 293.443 293.513 293.587 293.649 293.709 293.748 293.779 293.840 293.906
284.948 285.254 285.354 285.405 285.557 285.781 285.926 286.105 286.251 286.373 286.520 286.646 286.817 286.946 287.168 287.338 287.698 288.132 288.240 288.303 288.351 288.466 288.522 288.703 288.957 289.072 289.176 289.361 289.519 289.679 289.946 290.297 290.601 290.867 291.086 291.283 291.467 291.676 291.787 291.679 291.452 291.495 291.705 291.903 292.103 292.286 292.347 292.355 292.400 292.468 292.531 292.647 292.794 292.935 293.073 293.170 293.255 293.342 293.428 293.517 293.600 293.689 293.778 293.855 293.906 293.927 293.949
284.891 285.316 285.364 285.460 285.754 285.940 286.186 286.344 286.526 286.661 286.774 286.916 287.084 287.239 287.508 287.649 287.716 287.863 287.901 288.081 288.228 288.433 288.545 288.798 289.040 289.443 289.573 289.635 289.708 289.802 289.873 289.939 290.160 290.380 290.589 290.878 291.093 291.381 291.616 291.450 291.444 291.586 291.781 291.974 292.093 292.210 292.201 292.227 292.316 292.391 292.456 292.544 292.684 292.830 292.972 293.117 293.242 293.325 293.411 293.501 293.584 293.670 293.757 293.859 293.962 293.960 293.946
284.774 285.079 285.316 285.484 285.600 285.795 286.026 286.269 286.515 286.748 286.998 287.154 287.296 287.437 287.741 288.003 288.022 288.208 288.415 288.554 288.502 288.532 288.755 288.847 288.969 289.396 289.625 289.764 289.938 290.104 290.272 290.356 290.144 290.226 290.368 290.512 290.680 290.907 291.057 291.353 291.521 291.681 291.772 291.816 291.886 292.024 292.161 292.204 292.203 292.295 292.380 292.445 292.575 292.720 292.865 293.011 293.157 293.299 293.396 293.484 293.570 293.653 293.759 293.866 293.974 294.051 294.035
284.895 284.998 285.129 285.573 285.536 285.615 285.865 286.122 286.249 286.381 286.691 286.906 287.065 287.220 287.746 288.040 288.287 288.460 288.630 288.845 289.100 289.238 289.328 289.272 289.330 289.371 289.372 289.509 289.669 289.835 290.134 290.276 290.131 290.279 290.413 290.581 290.774 290.937 291.127 291.159 291.242 291.286 291.524 291.581 291.714 291.854 292.004 292.223 292.199 292.202 292.284 292.358 292.464 292.608 292.753 292.902 293.041 293.186 293.338 293.463 293.553 293.661 293.764 293.872 293.985 294.095 294.115
284.829 284.959 285.110 285.286 285.596 285.860 286.086 285.923 285.988 286.094 286.250 286.417 286.565 286.721 287.643 287.959 288.031 288.644 288.834 289.043 289.230 289.349 289.479 289.541 289.733 289.802 289.785 289.912 289.965 290.011 290.074 290.149 290.231 290.333 290.456 290.627 290.787 290.950 291.205 291.421 291.480 291.537 291.576 291.595 291.674 291.759 291.864 292.043 292.191 292.307 292.376 292.376 292.463 292.591 292.743 292.887 293.034 293.164 293.266 293.386 293.590 293.683 293.781 293.861 293.939 293.981 294.046
284.943 285.086 285.240 285.418 285.676 285.890 286.027 286.302 286.542 286.710 286.558 286.786 287.078 287.472 287.515 287.776 287.706 288.001 288.750 289.171 289.356 289.520 289.662 289.624 289.816 290.026 290.200 290.316 290.457 290.689 290.686 290.651 290.662 290.706 290.717 290.753 290.835 290.997 291.150 291.305 291.558 291.727 291.849 291.901 291.958 292.011 292.026 292.100 292.164 292.168 292.301 292.456 292.701 292.712 292.728 292.835 292.918 292.892 293.001 293.356 293.531 293.565 293.647 293.714 293.737 293.764 293.816
285.041 285.202 285.359 285.602 285.868 286.135 286.326 286.752 286.847 287.045 287.453 287.660 287.862 288.052 288.119 287.993 287.999 288.312 288.521 288.575 289.034 289.556 289.663 289.772 289.965 290.214 290.349 290.413 290.654 290.932 291.156 291.320 291.285 291.300 291.477 291.507 291.489 291.412 291.380 291.412 291.417 291.379 291.595 291.884 292.099 292.132 292.224 292.345 292.393 292.392 292.426 292.511 292.528 292.535 292.593 292.671 292.737 292.802 292.874 293.154 293.278 293.413 293.483 293.502 293.519 293.556 293.587
285.142 285.323 285.545 285.805 286.076 286.340 286.604 286.850 287.069 287.250 287.397 287.695 288.111 288.215 288.405 288.548 288.574 288.385 288.490 288.857 288.828 288.995 289.269 289.716 290.113 290.323 290.447 290.502 290.909 291.159 291.379 291.604 291.818 291.991 292.129 292.230 292.328 292.319 292.190 292.110 292.049 292.015 292.002 291.883 291.833 291.886 291.991 292.145 292.281 292.465 292.609 292.684 292.716 292.759 292.774 292.829 292.822 292.867 292.945 292.956 293.024 293.082 293.214 293.293 293.314 293.349 293.377
285.219 285.398 285.582 285.783 285.973 286.197 286.437 286.683 286.949 287.224 287.406 287.588 288.031 288.112 288.350 288.665 288.757 289.018 289.229 289.079 288.881 288.917 289.629 289.349 289.942 290.285 290.199 290.412 290.915 291.191 291.400 291.600 291.793 292.001 292.305 292.562 292.777 292.950 293.109 293.173 293.254 293.257 293.220 293.126 292.963 292.786 292.640 292.464 292.335 292.391 292.460 292.476 292.571 292.691 292.818 292.808 292.827 293.060 292.961 292.972 293.017 293.053 293.103 293.193 293.233 293.250 293.275
285.240 285.417 285.588 285.758 285.929 286.112 286.363 286.649 286.934 287.219 287.441 287.655 288.081 288.350 288.525 288.702 288.880 289.079 289.307 289.480 289.482 289.585 289.810 289.704 289.936 290.059 290.038 290.398 290.745 291.030 291.220 291.404 291.618 291.936 292.454 292.799 293.018 293.143 293.272 293.541 293.653 293.756 293.881 294.086 293.916 293.679 293.580 293.474 293.391 293.324 293.181 292.962 292.760 292.859 292.812 292.786 292.785 292.949 292.931 292.964 293.021 293.070 293.199 293.375 293.444 293.485 293.396
285.235 285.433 285.612 285.781 285.953 286.135 286.372 286.647 286.926 287.210 287.470 287.762 288.062 288.311 288.509 288.691 288.853 289.009 289.191 289.396 289.571 289.730 289.911 290.198 290.178 290.135 290.130 290.663 290.788 290.716 290.967 291.242 291.541 291.858 292.464 293.037 293.243 293.417 293.626 293.690 293.730 293.811 294.100 294.529 294.603 294.741 294.800 294.928 294.927 294.646 294.350 294.100 293.939 294.067 294.080 293.674 293.583 293.433 293.160 293.153 293.157 293.070 293.182 293.329 293.438 293.414 293.312
285.201 285.399 285.609 285.806 285.974 286.148 286.385 286.650 286.926 287.205 287.492 287.774 288.030 288.280 288.501 288.681 288.839 289.001 289.343 289.544 289.678 289.838 290.174 290.301 290.587 290.682 290.696 290.770 290.898 291.056 291.049 291.392 291.979 292.593 292.484 292.455 292.772 293.071 293.321 293.556 293.782 293.955 294.265 294.459 294.613 294.717 294.863 295.189 295.687 295.707 295.575 295.850 296.004 295.986 295.648 295.292 294.971 294.555 294.313 294.131 293.950 293.849 293.876 293.670 293.352 293.268 293.315
285.173 285.360 285.569 285.782 285.989 286.168 286.389 286.653 286.931 287.206 287.473 287.734 287.989 288.249 288.482 288.673 288.833 289.126 289.491 289.673 289.794 289.759 290.024 290.272 290.612 290.957 291.094 291.196 291.594 292.016 292.274 292.212 292.081 292.144 292.548 292.730 292.935 293.248 293.494 293.651 293.772 294.096 294.241 294.331 294.456 294.614 294.798 294.998 295.324 295.613 296.241 296.807 296.572 296.486 296.236 296.445 296.717 296.495 296.309 296.050 295.622 295.267 295.171 295.092 295.005 294.449 294.386
285.137 285.330 285.531 285.742 285.952 286.164 286.393 286.653 286.906 287.170 287.433 287.692 287.951 288.205 288.457 288.652 288.918 289.133 289.279 289.431 289.660 289.971 290.282 290.297 290.594 290.995 291.350 291.519 291.655 292.015 292.225 292.659 292.876 293.178 293.341 293.521 293.766 293.964 294.150 294.570 295.020 295.144 295.044 295.107 295.144 295.206 295.263 295.346 295.659 295.658 295.835 296.181 296.491 296.629 296.993 297.710 298.127 298.516 298.201 297.822 297.361 297.420 297.112 296.850 296.794 296.601 296.448
285.101 285.302 285.516 285.722 285.936 286.150 286.382 286.636 286.890 287.133 287.394 287.653 287.913 288.173 288.429 288.664 288.874 289.118 289.363 289.608 289.811 290.040 290.400 290.363 290.588 291.104 291.475 291.646 291.854 292.279 292.686 292.919 293.071 293.421 293.625 293.864 294.135 294.347 294.550 294.819 295.305 295.702 295.883 295.978 296.065 296.142 296.214 296.382 296.603 296.623 296.700 296.649 296.637 296.969 297.509 298.382 298.397 298.703 299.110 299.238 298.863 299.207 299.089 298.698 298.711 298.352 298.399
285.092 285.294 285.508 285.722 285.928 286.142 286.379 286.635 286.894 287.151 287.401 287.660 287.920 288.171 288.403 288.633 288.850 289.081 289.318 289.554 289.726 289.886 290.235 290.663 290.965 291.253 291.526 291.763 292.059 292.484 292.892 293.136 293.348 293.706 293.956 294.191 294.479 294.730 294.923 295.146 295.532 295.950 296.178 296.363 296.540 296.734 296.946 297.170 297.416 297.643 297.784 297.713 297.588 297.411 297.608 298.163 298.399 298.845 299.461 299.965 300.152 300.386 300.438 300.364 300.299 300.139 300.167
285.082 285.286 285.500 285.714 285.921 286.131 286.375 286.642 286.908 287.169 287.417 287.666 287.899 288.129 288.362 288.589 288.818 289.036 289.265 289.488 289.685 289.899 290.126 290.527 290.853 291.135 291.435 291.792 292.185 292.587 292.986 293.376 293.661 293.927 294.093 294.383 294.692 294.976 295.246 295.470 295.785 296.163 296.307 296.630 296.870 297.051 297.257 297.462 297.690 297.877 298.053 298.175 298.030 298.008 298.266 298.383 298.513 298.827 299.392 299.992 300.417 300.757 300.978 301.095 301.224 301.352 301.302
285.072 285.278 285.492 285.704 285.916 286.121 286.353 286.623 286.890 287.157 287.401 287.625 287.859 288.088 288.321 288.549 288.778 288.996 289.219 289.437 289.697 289.955 290.210 290.466 290.777 291.140 291.509 291.872 292.260 292.680 293.081 293.486 293.807 294.037 294.293 294.594 294.906 295.082 295.455 295.797 296.052 296.370 296.447 296.558 296.948 297.395 297.597 297.799 297.955 298.139 298.309 298.474 298.481 298.754 299.026 299.209 299.175 299.119 299.625 299.714 300.354 300.606 301.013 301.207 301.475 301.717 301.875
285.019 285.246 285.471 285.693 285.903 286.116 286.335 286.602 286.865 287.104 287.342 287.581 287.812 288.047 288.281 288.508 288.734 288.952 289.162 289.380 289.636 289.896 290.155 290.420 290.777 291.196 291.593 291.954 292.336 292.755 293.175 293.564 293.922 294.216 294.507 294.797 295.026 295.192 295.578 295.976 296.352 296.537 296.619 296.911 297.285 297.631 297.907 298.056 298.202 298.342 298.457 298.696 298.878 298.958 299.330 299.582 299.565 299.690 299.986 300.033 300.330 300.750 300.661 301.373 301.742 301.983 302.084
284.977 285.205 285.430 285.657 285.885 286.104 286.328 286.573 286.812 287.047 287.286 287.523 287.762 287.993 288.234 288.460 288.677 288.897 289.114 289.324 289.575 289.835 290.091 290.345 290.715 291.125 291.550 291.976 292.381 292.793 293.200 293.593 293.956 294.233 294.516 294.798 295.082 295.312 295.703 296.018 296.320 296.526 296.726 297.038 297.345 297.663 297.939 297.926 298.367 298.350 298.497 298.845 299.185 299.430 299.652 299.712 299.843 300.239 300.511 300.709 300.387 300.516 300.644 300.841 301.508 301.791 302.459
