inputs/cmu.txt
ncols        394
nrows        312
xllcorner    -79.950617283951
yllcorner    40.436388888889
cellsize     0.000030864198
[rows 58 to 86 of 312, columns 268 to 334 of 394]
289.378 289.318 289.367 289.435 289.483 289.507 289.506 289.483 289.551 289.625 289.357 289.211 289.182 289.171 289.172 289.191 289.192 289.244 289.363 289.594 289.828 289.835 289.869 289.965 290.038 290.158 290.279 290.403 290.439 290.473 290.577 290.753 290.965 291.186 291.352 291.501 291.410 291.452 291.847 291.997 292.130 292.217 292.408 292.455 292.463 292.424 292.423 292.363 292.246 292.288 292.507 292.693 292.626 292.540 292.760 292.883 293.020 293.086 292.986 292.888 292.988 293.096 293.069 293.046 293.112 293.075 292.954
289.694 289.592 289.536 289.539 289.540 289.545 289.547 289.534 289.536 289.798 289.491 289.264 289.241 289.218 289.199 289.196 289.244 289.295 289.338 289.548 289.702 289.734 289.806 289.873 289.953 290.092 290.138 290.216 290.261 290.286 290.286 290.477 290.726 290.905 291.071 291.073 290.705 290.703 290.665 290.623 290.847 291.242 291.283 291.341 291.496 291.611 291.932 292.454 292.703 292.848 292.806 292.749 292.817 292.459 292.541 292.620 292.789 292.810 292.885 292.856 292.942 293.062 293.140 293.147 293.035 293.039 293.002
289.800 289.724 289.674 289.646 289.613 289.587 289.582 289.574 289.723 289.759 289.592 289.338 289.320 289.306 289.301 289.296 289.287 289.322 289.375 289.541 289.604 289.663 289.720 289.783 289.851 289.877 289.861 289.962 290.120 290.154 290.117 290.092 290.236 290.118 290.154 290.213 290.288 290.339 290.409 290.497 290.573 290.610 290.707 290.847 291.014 291.156 291.245 291.787 292.551 292.804 292.919 293.024 292.912 292.564 292.799 293.157 293.129 292.835 292.757 292.844 292.943 292.868 292.906 292.986 293.002 293.007 292.987
289.847 289.860 289.860 289.848 289.840 289.834 289.834 289.835 289.787 289.693 289.633 289.439 289.423 289.416 289.405 289.399 289.392 289.384 289.415 289.516 289.591 289.660 289.734 289.798 289.784 289.716 289.648 289.699 289.801 289.889 289.873 289.900 289.947 290.032 290.122 290.205 290.276 290.359 290.381 290.473 290.540 290.659 290.679 290.951 291.491 291.965 292.189 292.407 292.617 292.715 292.778 292.796 292.745 292.705 292.797 292.859 292.936 293.037 292.961 293.107 293.273 293.202 293.184 292.987 293.003 293.059 292.850
289.812 289.822 289.830 289.838 289.845 289.853 289.861 289.862 289.794 289.873 289.797 289.569 289.543 289.537 289.527 289.518 289.505 289.492 289.550 289.563 289.638 289.755 289.826 289.832 289.801 289.742 289.716 289.755 289.795 289.843 289.886 289.875 289.922 290.082 290.235 290.423 290.684 290.703 290.686 290.746 290.788 290.867 291.079 291.310 291.504 291.703 291.910 292.129 292.317 292.404 292.460 292.460 292.393 292.429 292.503 292.574 292.654 292.726 292.792 292.846 292.822 292.790 292.877 293.101 293.178 293.217 293.280
289.779 289.791 289.803 289.811 289.818 289.827 289.834 289.827 289.733 289.619 289.635 289.654 289.668 289.647 289.632 289.618 289.610 289.634 289.687 289.634 289.602 289.780 289.904 289.859 289.796 289.783 289.805 289.849 289.901 289.950 290.003 290.051 290.074 290.355 290.627 290.800 290.839 290.746 290.568 290.660 290.827 290.739 290.788 291.008 291.223 291.423 291.631 291.844 292.008 292.087 292.141 292.117 292.076 292.137 292.209 292.283 292.363 292.432 292.491 292.498 292.471 292.434 292.835 292.878 292.863 292.861 292.862
289.747 289.758 289.770 289.782 289.792 289.799 289.807 289.793 289.680 289.625 289.584 289.538 289.557 289.746 289.733 289.724 289.746 289.765 289.711 289.549 289.628 289.782 289.867 289.876 290.030 289.923 289.873 289.911 289.963 290.014 290.064 290.120 290.084 290.294 290.380 290.393 290.471 290.662 290.761 290.778 290.692 290.579 290.531 290.727 290.935 291.150 291.351 291.553 291.691 291.770 291.815 291.770 291.777 291.835 291.917 291.989 292.061 292.139 292.159 292.132 292.121 292.384 292.548 292.610 292.597 292.586 292.584
289.718 289.726 289.737 289.749 289.760 289.771 289.780 289.758 289.666 289.623 289.582 289.551 289.527 289.571 289.778 289.778 289.719 289.661 289.600 289.528 289.632 289.741 289.848 289.930 289.808 289.890 289.912 289.914 289.927 289.958 290.002 290.066 289.956 290.046 290.177 290.140 290.284 290.353 290.365 290.732 290.537 290.423 290.331 290.441 290.655 290.870 291.073 291.246 291.375 291.455 291.485 291.446 291.482 291.543 291.623 291.695 291.769 291.823 291.807 291.776 291.990 292.152 292.292 292.343 292.328 292.319 292.316
289.735 289.728 289.723 289.725 289.732 289.742 289.751 289.726 289.666 289.640 289.619 289.589 289.552 289.542 289.545 289.536 289.525 289.498 289.465 289.479 289.583 289.673 289.768 289.847 290.008 289.982 289.995 289.959 289.970 289.982 289.994 290.004 290.042 290.245 290.332 290.259 290.436 290.670 290.492 290.645 290.409 290.268 290.157 290.173 290.375 290.589 290.800 290.932 291.058 291.144 291.142 291.137 291.192 291.250 291.329 291.404 291.466 291.480 291.456 291.698 291.738 291.893 292.035 292.074 292.061 292.051 292.048
289.768 289.761 289.757 289.751 289.745 289.738 289.734 289.704 289.661 289.612 289.565 289.534 289.547 289.565 289.591 289.585 289.564 289.543 289.520 289.479 289.470 289.519 289.572 289.744 289.882 289.904 289.997 290.030 290.018 290.019 290.012 289.977 289.847 289.854 290.062 290.118 290.314 290.605 290.627 290.564 290.335 290.120 289.996 289.929 290.095 290.303 290.496 290.619 290.734 290.831 290.796 290.837 290.899 290.959 291.029 291.111 291.141 291.144 291.274 291.340 291.484 291.638 291.780 291.797 291.794 291.783 291.769
289.773 289.797 289.816 289.831 289.822 289.817 289.820 289.644 289.568 289.527 289.537 289.555 289.571 289.590 289.623 289.635 289.622 289.609 289.588 289.541 289.488 289.471 289.543 289.639 289.545 289.587 289.720 289.868 289.924 289.966 289.992 289.917 289.837 289.764 289.654 289.515 289.557 289.791 289.994 290.177 290.243 290.047 289.842 289.740 289.815 290.022 290.190 290.305 290.423 290.498 290.495 290.545 290.605 290.666 290.740 290.803 290.777 290.887 290.947 291.088 291.234 291.383 291.528 291.529 291.527 291.516 291.504
289.799 289.823 289.838 289.857 289.875 289.898 289.767 289.552 289.532 289.544 289.562 289.580 289.598 289.615 289.635 289.682 289.672 289.587 289.576 289.548 289.523 289.486 289.459 289.480 289.497 289.509 289.551 289.624 289.726 289.802 289.805 289.810 289.816 289.789 289.696 289.477 289.421 289.393 289.345 289.411 289.614 289.766 289.777 289.575 289.545 289.735 289.864 289.991 290.106 290.158 290.199 290.252 290.303 290.374 290.443 290.467 290.560 290.542 290.676 290.831 290.979 291.126 291.270 291.261 291.250 291.249 291.261
289.839 289.886 289.937 289.968 289.997 289.980 289.646 289.593 289.558 289.566 289.586 289.602 289.621 289.639 289.666 289.547 289.311 289.351 289.392 289.409 289.359 289.546 289.423 289.445 289.456 289.472 289.485 289.528 289.613 289.657 289.619 289.575 289.534 289.511 289.487 289.466 289.470 289.422 289.318 289.210 289.113 289.180 289.276 289.340 289.333 289.429 289.554 289.674 289.791 289.858 289.906 289.959 290.009 290.080 290.143 290.174 290.140 290.275 290.422 290.575 290.723 290.872 291.003 290.993 290.983 290.976 291.062
289.856 289.903 289.950 289.991 290.011 289.888 289.625 289.616 289.600 289.601 289.608 289.624 289.643 289.662 289.681 289.129 289.084 289.157 289.195 289.263 289.550 289.462 289.397 289.415 289.427 289.438 289.451 289.465 289.503 289.537 289.494 289.459 289.448 289.444 289.475 289.511 289.513 289.433 289.317 289.159 289.041 289.175 289.257 289.170 289.239 289.199 289.133 289.278 289.465 289.524 289.634 289.675 289.719 289.783 289.795 289.767 289.878 290.019 290.166 290.321 290.467 290.618 290.732 290.726 290.716 290.698 290.884
289.895 289.848 289.739 289.628 289.518 289.477 289.460 289.462 289.520 289.622 289.636 289.646 289.665 289.709 289.507 288.827 288.814 288.881 288.957 289.023 289.413 289.390 289.389 289.404 289.416 289.428 289.442 289.454 289.466 289.449 289.439 289.432 289.424 289.431 289.483 289.541 289.545 289.379 289.188 289.009 289.041 289.185 289.061 288.917 289.106 289.118 289.044 289.163 289.385 289.135 289.091 289.207 289.381 289.422 289.390 289.460 289.615 289.768 289.910 290.058 290.211 290.363 290.456 290.457 290.432 290.508 290.698
289.628 289.589 289.563 289.534 289.524 289.521 289.522 289.524 289.522 289.520 289.530 289.532 289.594 289.656 288.996 288.494 288.549 288.609 288.681 288.900 289.405 289.465 289.467 289.472 289.484 289.498 289.512 289.518 289.519 289.476 289.412 289.408 289.401 289.440 289.492 289.569 289.439 289.210 289.012 288.886 288.955 289.087 289.132 289.000 288.931 289.008 289.084 289.198 289.219 289.213 289.175 289.115 289.113 289.073 289.086 289.214 289.357 289.514 289.661 289.802 289.957 290.109 290.190 290.187 290.179 290.319 290.510
289.638 289.606 289.586 289.587 289.588 289.589 289.588 289.591 289.596 289.610 289.560 289.491 289.400 289.298 288.988 288.483 288.431 288.374 288.541 288.924 289.303 289.525 289.543 289.554 289.559 289.564 289.572 289.564 289.581 289.539 289.455 289.385 289.399 289.467 289.546 289.538 289.333 289.122 288.881 288.987 289.138 289.047 289.196 288.982 289.039 289.159 289.154 289.135 289.067 289.185 289.268 289.242 289.122 289.053 289.075 289.175 289.154 289.260 289.402 289.551 289.701 289.853 289.924 289.914 289.952 290.142 290.324
289.652 289.651 289.653 289.653 289.653 289.641 289.617 289.572 289.477 289.384 289.323 289.295 289.276 289.232 288.706 288.503 288.593 288.641 288.647 288.760 289.153 289.529 289.611 289.620 289.637 289.496 289.483 289.600 289.582 289.551 289.479 289.408 289.451 289.499 289.579 289.432 289.218 289.005 288.963 289.108 289.165 289.146 289.079 288.993 288.882 288.782 288.666 288.530 288.297 288.246 288.435 288.496 288.722 288.923 289.096 289.194 289.292 289.290 289.219 289.294 289.437 289.598 289.659 289.629 289.766 289.954 290.134
289.722 289.727 289.668 289.578 289.538 289.494 289.458 289.421 289.386 289.354 289.334 289.314 289.311 288.902 288.528 288.610 288.650 288.815 288.940 288.982 289.041 289.376 289.684 289.684 289.687 289.525 289.665 289.627 289.569 289.513 289.451 289.530 289.654 289.608 289.518 289.256 289.015 288.961 289.052 289.178 289.063 288.881 288.611 288.161 287.719 287.388 287.281 287.183 287.163 287.354 287.180 287.251 287.387 287.465 287.697 288.132 288.520 288.853 289.144 289.315 289.326 289.337 289.380 289.390 289.584 289.768 289.955
289.643 289.608 289.574 289.540 289.505 289.468 289.435 289.412 289.391 289.371 289.351 289.343 289.091 288.650 288.662 288.713 288.763 288.817 288.965 289.138 289.291 289.333 289.603 289.765 289.689 289.749 289.698 289.664 289.621 289.560 289.485 289.667 289.654 289.508 289.409 289.194 289.066 289.077 289.123 288.682 288.388 287.700 287.343 287.186 287.138 287.059 287.060 287.068 287.075 287.101 287.168 287.216 287.268 287.223 287.126 287.063 287.130 287.355 287.559 287.961 288.300 288.594 288.820 289.070 289.427 289.631 289.793
289.624 289.590 289.553 289.518 289.488 289.468 289.448 289.428 289.408 289.388 289.369 289.291 288.782 288.724 288.768 288.817 288.865 288.909 288.967 289.124 289.291 289.468 289.641 289.780 289.807 289.771 289.735 289.696 289.658 289.609 289.563 289.697 289.641 289.387 289.292 289.291 289.274 288.977 288.324 287.645 287.293 287.172 287.151 287.115 287.082 287.043 287.056 287.086 287.117 287.151 287.200 287.262 287.302 287.223 287.185 287.149 287.108 287.090 287.097 287.085 287.162 287.351 287.466 287.705 288.001 288.405 288.821
289.602 289.566 289.546 289.526 289.506 289.485 289.465 289.445 289.425 289.406 289.389 288.937 288.774 288.829 288.873 288.922 288.970 289.015 289.062 289.118 289.279 289.447 289.624 289.794 289.864 289.833 289.760 289.728 289.694 289.649 289.657 289.667 289.660 289.425 289.216 289.219 288.801 288.213 287.408 287.277 287.253 287.212 287.174 287.136 287.096 287.065 287.080 287.136 287.184 287.232 287.259 287.312 287.307 287.265 287.230 287.190 287.153 287.119 287.080 287.059 287.169 287.122 287.132 287.174 287.139 287.147 287.308
289.602 289.583 289.562 289.543 289.523 289.502 289.482 289.462 289.442 289.437 289.115 288.859 288.884 288.935 288.983 289.027 289.075 289.123 289.169 289.217 289.276 289.428 289.605 289.771 289.823 289.858 289.889 289.898 289.844 289.768 289.639 289.462 289.484 289.249 289.134 288.825 288.043 287.374 287.273 287.306 287.289 287.246 287.205 287.168 287.128 287.104 287.089 287.117 287.176 287.232 287.291 287.343 287.342 287.300 287.263 287.223 287.185 287.146 287.110 287.072 287.080 287.116 287.157 287.194 287.217 287.133 287.149
289.619 289.599 289.579 289.559 289.539 289.519 289.499 289.478 289.460 289.312 288.955 288.946 288.991 289.040 289.088 289.133 289.180 289.228 289.274 289.322 289.369 289.432 289.586 289.750 289.780 289.812 289.847 289.884 289.925 289.937 289.782 289.556 289.342 289.119 289.074 288.236 287.363 287.176 287.219 287.238 287.257 287.269 287.240 287.198 287.165 287.143 287.126 287.117 287.158 287.216 287.259 287.285 287.315 287.312 287.272 287.235 287.195 287.159 287.129 287.104 287.112 287.142 287.172 287.211 287.245 287.204 287.110
289.637 289.616 289.596 289.576 289.555 289.536 289.516 289.496 289.472 289.039 289.015 289.051 289.100 289.145 289.193 289.241 289.287 289.333 289.382 289.427 289.475 289.522 289.586 289.707 289.731 289.761 289.765 289.725 289.691 289.655 289.559 289.294 289.144 289.062 288.644 287.591 287.199 287.118 287.154 287.171 287.194 287.213 287.231 287.234 287.199 287.185 287.166 287.150 287.145 287.171 287.199 287.229 287.259 287.288 287.284 287.247 287.214 287.186 287.157 287.133 287.143 287.173 287.200 287.229 287.265 287.270 287.183
289.653 289.633 289.613 289.593 289.572 289.553 289.533 289.525 289.175 289.092 289.109 289.155 289.203 289.248 289.298 289.347 289.392 289.440 289.487 289.532 289.580 289.632 289.660 289.655 289.618 289.522 289.426 289.398 289.371 289.335 289.302 289.176 289.134 289.002 287.798 287.217 287.174 287.109 287.090 287.115 287.137 287.161 287.185 287.214 287.207 287.182 287.159 287.133 287.145 287.203 287.221 287.237 287.252 287.272 287.284 287.267 287.242 287.214 287.185 287.162 287.178 287.204 287.232 287.261 287.286 287.314 287.250
289.670 289.650 289.630 289.609 289.589 289.569 289.555 289.333 289.174 289.179 289.211 289.260 289.307 289.352 289.400 289.448 289.493 289.544 289.590 289.638 289.676 289.679 289.657 289.639 289.656 289.680 289.592 289.501 289.405 289.312 289.205 289.072 289.004 288.470 287.421 287.124 287.099 287.085 287.101 287.113 287.132 287.156 287.184 287.192 287.175 287.157 287.135 287.110 287.133 287.219 287.275 287.289 287.307 287.311 287.296 287.279 287.256 287.234 287.209 287.191 287.211 287.236 287.261 287.284 287.308 287.342 287.224
289.686 289.667 289.646 289.626 289.606 289.585 289.537 289.242 289.251 289.270 289.320 289.365 289.413 289.460 289.505 289.553 289.602 289.648 289.693 289.703 289.679 289.662 289.645 289.626 289.602 289.640 289.738 289.685 289.592 289.457 289.282 289.135 289.017 288.280 287.229 287.113 287.094 287.116 287.136 287.151 287.165 287.177 287.190 287.164 287.146 287.127 287.109 287.088 287.126 287.213 287.292 287.339 287.335 287.319 287.304 287.290 287.267 287.243 287.228 287.219 287.218 287.231 287.256 287.278 287.302 287.334 287.233
289.703 289.683 289.663 289.643 289.623 289.613 289.325 289.329 289.332 289.376 289.425 289.470 289.518 289.567 289.610 289.659 289.712 289.717 289.702 289.685 289.666 289.649 289.630 289.613 289.596 289.572 289.611 289.764 289.725 289.566 289.371 289.103 289.034 288.082 287.176 287.107 287.126 287.149 287.169 287.189 287.202 287.212 287.190 287.201 287.228 287.222 287.152 287.088 287.166 287.306 287.351 287.360 287.348 287.328 287.313 287.298 287.280 287.270 287.266 287.258 287.252 287.252 287.255 287.271 287.296 287.326 287.246
