inputs/cmu.txt
ncols        394
nrows        312
xllcorner    -79.950617283951
yllcorner    40.436388888889
cellsize     0.000030864198
[rows 261 to 289 of 312, columns 67 to 133 of 394]
270.911 271.190 271.608 271.553 271.603 271.939 272.127 272.187 272.144 272.151 272.130 272.130 272.165 272.158 272.179 272.225 272.146 272.601 273.075 273.514 273.383 273.522 273.713 275.100 275.891 275.499 274.330 276.129 277.294 276.505 275.855 277.364 276.696 277.978 279.104 280.114 281.286 282.279 283.109 283.809 284.148 283.176 282.225 279.690 278.844 282.725 282.752 283.132 282.070 279.353 281.394 283.231 283.488 283.136 282.459 281.770 281.047 279.526 277.746 277.561 276.567 275.510 274.407 272.718 271.570 270.552 268.928
270.361 270.849 271.415 271.456 271.440 271.863 272.132 272.263 272.301 272.301 272.299 272.227 272.321 272.415 272.340 272.274 272.326 271.578 271.340 272.139 274.214 275.158 274.368 272.872 274.100 274.465 274.914 274.423 275.133 275.386 276.588 276.052 276.436 276.641 277.058 278.057 279.644 280.846 282.045 283.100 283.559 283.808 283.465 281.354 279.962 281.502 282.872 282.920 281.546 279.582 280.716 283.363 283.105 282.548 282.103 281.309 280.018 278.739 277.410 276.435 275.816 274.766 273.038 271.718 270.621 268.970 266.774
270.393 270.799 271.180 271.286 271.312 271.520 271.917 272.093 272.037 272.045 272.061 272.070 272.127 272.201 272.175 272.106 272.227 271.863 271.530 272.168 273.677 274.556 274.049 271.521 272.272 273.872 277.019 273.269 272.611 273.950 276.538 274.468 275.916 276.287 276.358 277.213 278.513 279.864 280.791 281.682 282.641 283.458 283.748 283.765 282.495 280.199 282.280 281.725 280.605 280.762 280.519 282.916 282.384 281.471 280.846 280.151 278.513 277.843 276.621 275.849 274.743 273.755 272.261 270.687 269.113 266.987 267.091
270.171 270.587 270.958 271.158 271.296 271.369 271.702 272.111 272.047 272.043 272.057 272.092 272.142 272.171 272.189 272.313 272.245 272.066 272.181 272.820 273.732 274.192 273.342 271.908 270.993 271.227 272.038 274.199 274.370 273.161 274.403 275.739 273.880 273.214 274.908 276.144 277.850 279.005 279.825 280.828 281.943 283.019 283.447 283.643 283.133 280.480 281.593 282.258 283.128 283.126 279.429 282.279 281.157 279.978 279.322 278.863 277.826 276.726 275.952 274.994 273.946 272.654 271.587 269.124 266.560 267.734 267.854
270.158 270.313 270.715 271.036 271.281 271.324 271.413 271.940 271.934 271.905 271.904 271.923 271.936 271.957 272.057 272.120 272.057 272.100 272.437 272.796 273.157 272.913 272.381 271.764 271.471 271.100 270.938 271.260 273.308 275.755 275.669 276.091 276.874 276.653 274.870 274.434 275.947 277.607 278.588 279.716 280.609 281.423 281.821 282.465 282.772 280.827 279.421 282.779 282.885 283.057 279.618 281.500 280.070 278.614 278.204 276.998 276.916 276.096 275.096 274.292 273.132 271.794 269.125 267.347 268.065 267.318 266.493
270.179 270.338 270.443 270.746 271.106 271.306 271.293 271.796 271.929 271.908 271.900 271.911 271.944 271.997 272.126 272.203 272.275 272.546 272.681 272.869 272.756 272.534 272.188 272.082 271.939 271.823 271.921 271.763 271.787 273.205 274.909 275.959 275.525 275.789 274.371 273.270 274.632 276.334 277.616 278.657 279.621 280.070 279.989 280.790 281.521 282.243 282.582 283.003 282.632 281.103 277.949 277.668 277.787 277.638 277.284 277.994 276.256 275.232 274.033 273.193 271.848 269.361 267.519 268.117 267.444 267.150 266.851
270.535 270.386 270.488 270.662 270.861 271.081 271.463 271.736 271.901 271.902 271.917 271.942 271.976 272.111 272.256 272.412 272.637 272.762 272.816 272.734 272.621 272.541 272.424 272.301 272.460 272.695 272.751 272.571 272.505 271.945 272.459 273.719 273.506 273.313 275.525 274.929 274.091 275.121 276.640 277.939 279.127 279.007 278.780 278.898 278.713 278.432 278.484 278.487 278.289 278.324 278.348 278.428 278.110 277.939 278.115 277.908 276.515 274.256 273.282 271.939 269.380 268.050 268.658 267.886 267.744 267.481 265.897
271.109 270.772 270.638 270.823 270.991 271.159 271.309 271.453 271.745 271.962 271.934 271.949 272.041 272.189 272.401 272.647 272.737 272.695 272.607 272.523 272.469 272.522 272.450 272.443 272.596 272.755 272.758 272.705 272.384 272.033 272.004 272.001 272.157 272.351 272.439 274.498 276.241 274.670 275.774 276.703 277.135 277.443 277.189 277.095 277.156 277.257 277.874 278.175 278.201 278.218 278.218 278.192 278.236 278.514 277.688 276.081 274.063 272.401 270.917 268.763 268.297 268.634 267.902 268.733 267.276 265.767 263.962
271.438 271.270 271.145 271.039 271.160 271.317 271.436 271.524 271.736 271.806 271.865 271.979 272.135 272.352 272.614 272.700 272.621 272.472 272.408 272.369 272.416 272.420 272.338 272.371 272.475 272.528 272.641 272.587 272.265 272.104 271.938 272.011 272.075 272.254 272.149 272.108 272.626 274.747 277.291 277.079 275.765 275.719 275.527 275.984 276.443 276.467 277.634 278.016 278.081 278.045 277.844 277.566 276.146 275.015 275.480 274.123 272.540 270.306 268.743 269.026 269.158 268.011 268.092 267.065 265.641 264.227 262.850
271.924 271.837 271.702 271.584 271.463 271.433 271.476 271.513 271.543 271.636 271.724 271.785 271.871 272.217 272.612 272.592 272.376 272.305 272.288 272.368 272.406 272.314 272.167 272.198 272.264 272.345 272.428 272.342 272.284 272.168 272.059 272.046 272.322 272.704 272.587 272.062 272.124 272.580 272.642 274.412 274.332 276.740 277.333 277.608 277.770 277.021 276.660 277.009 276.395 275.839 275.368 274.856 274.345 272.814 271.737 270.722 269.642 269.056 268.914 268.822 268.367 267.922 266.944 265.674 264.654 263.068 261.677
272.113 272.129 271.967 271.825 271.685 271.545 271.514 271.526 271.525 271.469 271.480 271.544 271.658 271.781 271.937 272.042 272.052 272.073 272.128 272.165 272.206 272.119 272.066 271.954 272.000 272.104 272.195 272.196 272.185 272.203 272.242 272.285 272.472 272.720 272.758 272.473 272.582 272.840 272.881 273.003 273.093 273.062 274.041 274.782 274.899 274.653 274.181 274.278 273.795 273.249 272.497 271.697 270.788 269.605 269.993 270.206 269.699 269.210 269.139 268.994 267.856 266.778 265.427 264.465 263.477 261.840 260.242
271.695 271.982 272.007 271.854 271.705 271.550 271.485 271.481 271.378 271.283 271.297 271.390 271.501 271.570 271.499 271.460 271.486 271.561 271.688 271.750 271.726 271.671 271.632 271.644 271.652 271.650 271.703 271.734 271.784 271.853 271.900 271.929 272.001 272.097 272.343 272.436 272.614 272.740 272.803 272.878 272.952 273.090 273.013 272.681 272.466 272.223 271.662 271.370 270.729 270.219 269.882 269.617 269.831 269.893 269.652 269.395 269.280 268.814 267.353 266.804 266.118 265.205 263.867 263.136 262.123 260.134 258.954
271.062 271.511 271.810 271.887 271.700 271.522 271.384 271.267 271.149 271.078 271.108 271.192 271.248 271.184 271.149 271.141 271.180 271.217 271.258 271.269 271.281 271.286 271.316 271.333 271.349 271.356 271.413 271.451 271.451 271.525 271.589 271.641 271.734 271.866 271.748 271.363 270.956 271.014 271.188 271.103 270.990 270.796 270.740 270.456 270.206 270.258 270.119 270.081 270.005 269.817 269.557 269.305 269.010 268.964 269.308 268.880 267.754 267.124 265.985 265.128 264.423 263.552 262.581 261.619 260.130 258.690 257.616
269.207 270.074 270.724 271.032 271.306 271.395 271.405 271.207 271.036 270.917 270.913 270.963 270.791 270.808 270.776 270.799 270.810 270.849 270.927 270.933 270.790 270.803 270.814 270.816 270.837 270.873 271.125 271.310 271.108 270.970 271.063 271.131 271.167 271.130 270.925 270.647 270.666 270.552 270.489 270.420 270.338 270.263 270.384 270.415 270.195 269.765 269.446 269.368 268.363 267.934 267.451 267.133 266.960 266.744 266.539 266.541 265.976 265.176 264.258 263.373 262.510 261.822 261.222 260.118 259.180 257.614 255.886
266.649 267.441 268.230 268.918 269.471 270.189 270.651 270.743 270.397 270.676 270.899 270.943 270.958 270.953 270.635 270.618 270.673 270.701 270.750 270.648 270.469 270.432 270.456 270.461 270.391 270.707 270.896 270.963 270.860 270.483 269.836 269.544 269.705 270.101 269.969 269.653 269.420 269.260 269.091 268.739 268.708 268.914 268.736 268.473 268.162 267.882 267.589 267.284 266.349 265.916 265.567 265.360 265.194 264.976 264.818 264.627 264.265 263.469 262.268 261.283 260.882 260.574 259.902 259.184 258.069 256.712 254.847
264.808 265.702 266.402 267.092 267.875 268.564 269.271 269.462 269.275 269.266 269.387 269.406 269.477 269.429 269.115 269.178 269.385 269.410 269.555 270.208 270.094 269.458 268.983 268.794 269.125 269.477 269.373 269.200 268.693 268.108 267.532 267.001 267.499 267.947 268.029 267.606 266.973 267.317 267.017 266.634 266.683 266.398 266.191 266.196 266.094 265.874 265.668 265.161 264.481 264.150 263.935 263.685 263.484 263.225 263.034 262.837 262.591 261.854 260.549 259.785 259.484 258.918 258.399 257.867 256.935 255.572 253.589
263.447 264.247 264.853 265.212 265.700 266.347 266.873 266.904 266.930 266.894 266.877 266.961 266.983 267.002 266.739 266.723 267.121 267.230 267.764 268.703 268.616 267.587 266.966 266.939 266.847 267.030 266.931 266.527 265.661 265.336 264.878 264.662 265.147 265.484 265.474 265.299 264.596 264.511 264.473 264.032 263.730 263.595 263.476 263.396 263.605 263.814 263.721 263.414 262.696 262.425 262.227 261.973 261.714 261.507 261.286 261.030 260.835 260.126 258.998 258.564 258.280 257.667 257.179 256.753 256.258 255.249 253.197
262.148 262.665 262.912 263.169 263.478 263.988 264.265 264.114 264.095 263.981 264.151 264.303 264.346 264.424 264.302 264.536 265.154 265.336 265.925 266.527 266.118 265.415 264.951 264.733 264.607 264.670 264.189 263.528 262.282 262.052 261.666 261.758 261.878 261.998 262.238 262.391 261.739 261.618 261.641 261.283 260.938 260.911 260.803 260.789 261.003 261.146 261.268 261.493 260.951 260.633 260.428 260.163 259.888 259.654 259.384 259.130 258.992 258.649 257.957 257.381 256.961 256.465 256.129 256.001 255.620 254.781 253.041
259.869 260.333 260.740 261.058 261.180 260.960 261.086 260.918 261.094 260.790 260.747 260.834 261.130 261.457 261.832 262.232 262.862 263.516 263.782 263.983 264.030 263.337 262.858 262.614 262.327 261.872 261.314 260.275 259.051 258.556 258.378 258.681 258.532 258.669 259.046 259.308 259.113 258.887 258.824 258.485 258.274 258.196 258.095 258.193 258.389 258.655 259.039 259.447 259.066 258.813 258.565 258.209 257.937 257.734 257.612 257.433 257.252 257.118 256.793 256.528 256.101 255.576 255.156 255.082 254.174 252.517 251.034
257.181 257.601 257.789 257.794 257.582 257.150 256.829 257.158 257.293 257.417 257.591 257.195 257.314 258.138 258.848 259.323 259.569 260.370 261.340 261.661 261.378 260.951 260.735 260.249 259.780 259.125 258.298 257.419 256.367 255.785 255.800 255.594 255.401 255.584 256.250 256.569 256.049 255.594 255.587 255.793 255.504 255.526 255.668 255.805 256.109 256.401 256.575 256.869 257.371 256.902 256.599 256.476 256.296 256.114 255.969 255.786 255.656 255.585 255.284 254.850 254.438 254.260 254.152 253.813 252.188 250.818 250.240
254.067 254.267 254.357 254.588 254.393 254.157 253.751 254.057 254.082 254.341 254.558 254.330 254.265 255.019 255.579 256.443 256.750 257.503 258.278 258.593 258.593 258.329 257.964 257.459 256.908 256.264 255.491 254.496 253.607 252.892 252.533 252.341 252.295 252.928 253.364 253.515 253.165 252.817 252.645 252.585 252.556 252.252 252.591 253.074 253.429 253.913 253.885 254.465 255.295 255.498 255.003 254.880 254.724 254.574 254.462 254.339 254.213 254.134 253.959 253.445 252.956 252.962 253.060 252.438 250.871 250.132 250.060
250.571 250.718 251.017 251.467 251.633 251.051 250.657 250.840 251.154 251.352 251.446 251.672 252.012 252.638 253.325 253.839 254.435 255.079 255.671 256.083 256.175 255.894 255.518 254.787 254.279 253.829 252.694 251.641 251.103 250.545 250.013 249.964 249.827 250.016 250.329 250.389 250.407 250.111 249.911 249.738 250.007 249.648 249.589 250.454 250.611 250.994 251.480 252.036 252.656 253.297 253.153 253.267 253.242 253.172 253.048 252.989 252.882 252.772 252.743 252.233 251.897 251.974 251.765 251.097 250.127 249.785 249.934
248.117 248.270 248.263 248.127 248.002 248.058 247.991 247.942 247.755 248.299 249.023 249.532 249.919 250.617 251.239 251.838 252.424 252.844 253.209 253.547 253.721 253.609 253.155 252.524 252.253 251.286 250.079 249.313 248.836 248.439 248.372 248.223 248.046 247.954 247.956 248.056 248.276 248.351 248.051 247.936 248.062 247.992 248.116 248.334 248.673 248.948 249.298 249.748 250.440 250.701 250.992 251.431 251.380 251.305 251.185 251.167 251.126 251.198 251.361 251.287 250.980 250.924 250.453 249.788 249.404 249.335 249.290
247.145 247.032 246.938 246.573 246.672 246.598 246.552 247.110 246.924 246.846 247.223 247.610 247.927 248.370 248.929 249.523 249.859 249.867 250.306 250.721 250.636 250.509 250.216 249.952 249.548 248.670 248.053 247.616 247.415 247.251 247.032 246.942 246.569 246.550 246.908 247.361 247.264 246.984 246.892 246.772 246.762 246.785 246.931 247.036 247.163 247.188 247.326 247.592 248.037 248.298 248.721 249.521 249.506 249.424 249.363 249.507 249.622 249.736 249.889 250.016 249.992 249.706 249.496 249.147 249.062 248.948 248.766
246.303 246.436 246.530 246.439 246.525 246.722 246.819 246.652 246.527 246.463 246.655 246.320 247.055 246.897 246.752 247.070 247.288 247.637 247.999 248.303 248.175 247.965 247.755 247.640 247.409 247.022 247.081 247.039 246.647 246.279 245.919 246.028 246.159 246.315 246.227 246.217 246.220 246.215 245.991 245.849 245.886 245.928 246.271 246.696 246.739 246.565 246.617 246.559 246.846 247.083 247.094 247.496 247.647 247.817 247.920 248.077 248.268 248.441 248.575 248.687 248.724 248.705 248.824 248.771 248.686 248.599 248.538
245.352 245.512 245.805 246.089 246.068 246.017 246.159 246.342 246.453 246.568 246.587 246.577 246.705 246.710 246.494 246.621 246.776 246.580 246.956 246.946 246.655 246.312 246.474 246.432 246.403 246.177 246.038 245.886 245.673 245.367 245.089 244.978 245.046 245.074 244.936 244.867 244.907 244.966 244.956 244.977 245.011 245.064 245.422 245.609 245.867 245.924 245.675 245.822 246.359 247.156 247.431 247.513 247.665 247.832 247.906 247.994 248.087 248.186 248.285 248.321 248.374 248.555 248.647 248.588 248.395 248.280 248.517
244.680 244.748 244.925 245.111 245.247 245.322 245.450 245.529 245.627 245.737 246.042 246.160 246.167 246.173 246.161 246.031 245.917 246.144 246.220 245.995 245.765 245.492 245.707 245.652 245.331 245.119 244.956 244.800 244.657 244.653 244.669 244.677 244.678 244.678 244.681 244.683 244.679 244.676 244.676 244.675 244.675 244.674 244.674 244.706 244.744 244.773 244.884 245.274 246.002 246.616 247.028 247.483 247.669 247.790 247.889 247.975 248.024 247.997 247.964 247.930 247.885 248.027 248.118 248.259 248.634 248.462 248.335
244.683 244.683 244.684 244.676 244.660 244.668 244.734 244.797 244.844 244.911 245.039 245.052 245.100 245.107 245.086 245.031 245.040 245.010 244.982 244.867 244.770 244.739 244.730 244.707 244.693 244.684 244.683 244.683 244.683 244.683 244.683 244.683 244.683 244.683 244.683 244.683 244.683 244.683 244.683 244.683 244.683 244.683 244.683 244.683 244.683 244.682 244.671 244.727 244.984 245.582 246.045 246.690 247.545 247.664 247.642 247.618 247.594 247.578 247.555 247.491 247.490 247.740 248.451 248.681 248.253 248.361 248.691
244.683 244.683 244.683 244.683 244.683 244.683 244.683 244.683 244.683 244.683 244.683 244.678 244.674 244.670 244.670 244.672 244.671 244.673 244.674 244.680 244.683 244.683 244.683 244.683 244.683 244.683 244.683 244.683 244.683 244.683 244.683 244.683 244.683 244.683 244.683 244.683 244.683 244.683 244.683 244.683 244.683 244.683 244.683 244.683 244.683 244.683 244.683 244.683 244.689 244.938 245.459 246.049 246.926 247.398 247.463 247.427 247.303 247.208 247.246 247.320 247.632 247.978 248.288 248.495 248.655 248.814 248.864
