inputs/cmu.txt
ncols        394
nrows        312
xllcorner    -79.950617283951
yllcorner    40.436388888889
cellsize     0.000030864198
[rows 116 to 144 of 312, columns 268 to 334 of 394]
285.622 285.612 285.596 285.538 285.484 285.427 285.374 285.328 285.430 285.394 285.956 286.022 285.934 285.867 285.788 285.711 285.641 285.581 285.413 285.222 285.029 284.872 284.689 284.564 284.061 283.593 283.089 282.592 282.486 282.366 282.247 282.148 282.329 282.380 282.922 283.634 284.366 284.755 285.160 285.201 285.364 285.440 285.560 285.889 286.108 286.323 286.506 286.644 286.955 287.326 287.646 287.958 288.276 288.496 288.663 288.856 288.890 288.857 288.809 288.473 288.530 288.628 288.466 288.583 288.672 288.720 288.892
285.534 285.578 285.569 285.518 285.470 285.416 285.362 285.306 285.326 285.383 285.815 285.720 285.643 285.565 285.497 285.419 285.341 285.275 285.098 284.962 284.988 284.821 284.547 284.505 284.022 283.402 282.859 282.268 281.819 281.674 281.566 281.660 281.617 281.998 283.032 283.768 284.520 284.761 284.960 285.043 285.109 285.194 285.280 285.357 285.397 285.570 285.840 286.009 286.113 286.328 286.562 286.843 287.134 287.442 287.579 287.760 287.998 288.195 288.447 288.161 288.451 288.827 288.956 288.938 288.663 288.532 288.586
285.509 285.572 285.529 285.481 285.435 285.387 285.340 285.293 285.254 285.357 285.503 285.426 285.348 285.271 285.207 285.130 285.054 284.973 284.936 284.990 284.891 284.543 284.527 284.401 283.791 283.166 282.558 282.009 281.459 281.068 281.064 281.088 281.081 281.645 283.032 283.943 284.518 284.708 284.880 285.018 285.057 285.102 285.144 285.212 285.289 285.321 285.417 285.569 285.683 285.794 285.916 286.010 286.133 286.385 286.557 286.697 286.861 287.075 287.441 287.803 288.001 288.177 288.394 288.535 288.668 288.743 288.891
285.512 285.535 285.489 285.445 285.396 285.349 285.305 285.258 285.211 285.332 285.321 285.266 285.207 285.150 285.090 285.035 284.974 284.950 284.995 284.926 284.808 284.597 284.447 284.013 283.167 282.579 281.998 281.493 280.932 280.772 280.875 280.831 281.044 281.647 282.972 284.325 284.738 284.678 284.784 284.962 285.030 285.070 285.112 285.155 285.183 285.206 285.235 285.283 285.345 285.421 285.541 285.661 285.771 285.886 285.964 286.072 286.004 285.994 286.470 286.751 286.941 287.121 287.327 287.513 287.750 288.053 288.256
285.516 285.500 285.454 285.409 285.368 285.323 285.281 285.244 285.240 285.322 285.314 285.258 285.202 285.147 285.086 285.028 284.970 284.955 285.074 284.949 284.766 284.643 284.533 283.700 282.874 282.042 281.210 280.402 279.662 279.894 280.684 280.712 280.968 281.801 283.037 284.371 284.752 284.817 284.812 284.877 285.006 285.040 285.082 285.105 285.115 285.129 285.146 285.180 285.237 285.290 285.341 285.403 285.465 285.541 285.660 285.773 285.811 285.850 285.875 285.950 285.991 286.116 286.281 286.450 286.714 286.953 287.185
285.494 285.467 285.433 285.389 285.346 285.302 285.272 285.272 285.272 285.307 285.294 285.243 285.189 285.132 285.079 285.021 284.963 284.970 285.006 284.891 284.686 284.484 284.298 283.539 282.728 281.897 281.069 280.244 279.466 279.992 280.590 280.592 280.965 282.031 283.250 284.388 284.720 284.777 284.839 284.908 284.949 285.008 285.025 285.036 285.048 285.062 285.072 285.087 285.129 285.184 285.244 285.308 285.374 285.441 285.557 285.703 285.832 285.873 285.811 285.772 285.746 285.922 286.207 285.935 285.917 285.962 286.101
285.439 285.415 285.389 285.363 285.324 285.301 285.303 285.305 285.307 285.312 285.281 285.225 285.171 285.121 285.072 285.022 284.970 284.892 284.874 284.822 284.496 284.648 284.045 283.288 282.563 281.778 280.955 280.122 279.396 280.140 280.368 280.398 280.895 282.095 283.285 284.297 284.681 284.744 284.808 284.872 284.930 284.945 284.956 284.972 284.982 284.995 285.008 285.009 285.055 285.111 285.176 285.242 285.312 285.376 285.459 285.602 285.771 285.904 285.852 285.719 285.691 285.973 286.113 286.038 285.814 285.825 285.972
285.387 285.362 285.336 285.310 285.308 285.272 285.237 285.225 285.218 285.207 285.209 285.208 285.198 285.191 285.153 285.100 285.045 285.069 284.767 284.437 284.505 284.484 283.806 283.050 282.318 281.567 280.808 280.011 279.637 280.275 280.241 280.246 280.707 281.656 282.661 283.313 284.013 284.596 284.809 284.845 284.906 284.905 284.895 284.909 284.920 284.933 284.919 284.835 285.047 285.099 285.146 285.194 285.245 285.314 285.377 285.505 285.669 285.837 285.718 285.576 285.716 285.975 286.007 285.922 285.816 285.703 285.824
285.334 285.310 285.289 285.294 285.299 285.289 285.230 285.169 285.109 285.088 285.075 285.077 285.078 285.080 285.080 285.080 285.075 284.979 284.732 284.560 284.514 284.337 283.557 282.797 282.097 281.474 280.824 280.227 280.268 280.155 280.179 280.132 280.171 280.642 281.165 282.093 282.858 283.764 284.412 284.822 284.882 284.870 284.830 284.847 284.856 284.934 284.422 284.780 285.037 285.091 285.138 285.187 285.233 285.283 285.332 285.407 285.570 285.711 285.549 285.539 285.748 285.973 285.886 285.807 285.732 285.600 285.667
285.235 285.273 285.269 285.294 285.290 285.286 285.255 285.194 285.132 285.059 285.059 285.012 284.960 284.941 284.926 284.924 284.931 284.817 284.727 284.677 284.630 284.189 283.533 282.898 282.259 281.608 280.996 280.689 280.276 280.108 280.397 280.821 281.120 280.648 280.452 280.435 280.627 281.124 282.534 283.835 284.684 284.896 284.768 284.786 284.802 284.221 284.290 284.864 285.015 285.083 285.132 285.179 285.220 285.246 285.333 285.456 285.550 285.558 285.407 285.566 285.788 285.851 285.767 285.690 285.610 285.566 285.490
288.188 287.223 285.254 284.988 285.165 285.275 285.265 285.225 285.088 285.114 285.094 285.038 285.039 285.006 284.938 284.872 284.801 284.760 284.732 284.768 284.824 284.189 283.548 282.893 282.302 282.019 281.965 281.730 281.276 281.152 281.639 282.099 282.205 281.579 280.980 280.710 280.737 280.736 280.747 280.781 281.381 282.884 284.101 284.631 284.179 283.832 284.441 284.903 284.996 285.077 285.110 285.125 285.151 285.254 285.383 285.510 285.597 285.467 285.419 285.593 285.786 285.724 285.677 285.663 285.677 285.695 285.525
289.714 289.618 289.676 289.429 288.242 287.177 286.138 285.248 285.151 285.094 285.161 285.084 285.031 285.026 285.019 284.987 284.904 284.819 284.914 285.112 284.813 284.187 283.551 283.280 283.231 283.185 283.133 282.819 282.416 282.512 282.907 283.395 283.118 282.476 281.899 281.320 281.037 281.034 281.038 281.035 281.022 281.035 281.207 281.527 281.984 282.694 283.779 284.479 284.803 284.930 284.987 285.059 285.176 285.293 285.417 285.522 285.598 285.524 285.516 285.652 285.711 285.707 285.692 285.678 285.661 285.655 285.518
289.930 289.891 289.654 289.513 289.436 289.402 289.457 289.306 288.740 287.031 285.940 285.281 285.276 285.225 285.921 285.681 285.348 285.069 285.243 285.347 284.777 284.539 284.487 284.445 284.370 284.327 284.271 283.914 283.730 283.825 284.186 284.567 284.024 283.397 282.796 282.216 281.620 281.339 281.329 281.324 281.328 281.346 281.488 281.727 282.107 282.381 282.571 282.893 283.253 283.589 283.954 284.502 284.734 284.955 285.120 285.253 285.386 285.537 285.556 285.416 285.566 285.609 285.600 285.584 285.568 285.576 285.450
289.986 289.992 289.832 289.702 289.620 289.547 289.474 289.379 289.266 289.264 289.247 288.563 287.656 287.132 287.185 286.670 286.042 285.613 285.508 285.640 285.775 285.674 285.626 285.584 285.510 285.466 285.413 285.072 285.047 285.140 285.475 285.516 284.944 284.318 283.718 283.141 282.506 281.975 281.618 281.612 281.618 281.623 281.693 281.998 282.327 282.595 283.030 283.330 283.518 283.661 283.899 284.212 284.592 284.945 285.167 285.328 285.370 285.455 285.396 285.279 285.402 285.444 285.488 285.497 285.482 285.500 285.457
289.747 289.758 289.838 289.859 289.738 289.650 289.580 289.468 289.358 289.277 289.134 288.940 288.823 288.612 288.408 287.740 286.967 286.599 286.079 286.076 286.330 286.642 286.752 286.736 286.681 286.606 286.558 286.310 286.376 286.465 286.740 286.478 285.863 285.263 284.638 284.038 283.461 282.831 282.300 281.976 281.907 281.919 281.967 282.227 282.553 283.037 283.508 283.723 283.945 284.057 284.462 284.591 284.775 285.030 284.945 285.065 285.288 285.397 285.317 285.267 285.294 285.327 285.352 285.346 285.554 286.007 286.352
289.735 289.641 289.544 289.455 289.448 289.561 289.499 289.391 289.377 289.288 289.122 288.953 288.813 288.896 288.862 288.519 287.940 287.456 287.338 287.086 287.247 287.358 287.428 287.580 287.803 287.745 287.704 287.635 287.712 287.791 287.880 287.393 286.784 286.183 285.557 284.957 284.357 283.755 283.154 282.640 282.225 282.468 282.871 283.067 283.365 283.762 284.008 284.273 284.610 284.959 285.155 285.126 285.260 285.427 285.334 285.299 285.398 285.410 285.337 285.305 285.339 285.452 285.648 285.982 286.390 286.827 287.225
289.758 289.668 289.614 289.538 289.499 289.543 289.333 289.115 289.010 289.030 289.136 289.000 288.836 288.871 288.945 288.711 288.372 288.021 287.961 288.126 288.245 288.344 288.422 288.508 288.591 288.661 288.748 288.721 288.733 288.919 288.883 288.229 287.628 286.981 286.333 285.695 285.074 284.468 283.879 283.308 283.395 283.845 284.195 284.224 284.576 284.952 285.174 285.223 285.379 285.882 285.863 285.895 286.077 285.937 285.611 285.473 285.437 285.396 285.352 285.601 285.929 286.223 286.528 286.854 287.321 287.663 288.090
289.743 289.706 289.659 289.596 289.538 289.454 289.334 289.121 289.008 289.067 289.069 289.093 289.023 289.014 288.953 288.768 288.570 288.476 288.381 288.399 288.318 288.262 288.249 288.253 288.254 288.310 288.466 288.532 288.483 288.509 288.543 288.032 287.473 286.897 286.270 285.563 284.854 284.131 283.503 283.705 284.634 285.002 285.263 285.431 285.432 285.701 286.016 286.469 286.689 286.744 286.717 286.518 286.259 285.990 285.684 285.479 285.421 285.642 286.101 286.509 286.776 287.096 287.386 287.734 288.244 288.658 288.945
289.664 289.685 289.614 289.522 289.467 289.347 289.254 289.126 289.029 289.146 289.151 289.022 288.906 288.824 288.742 288.602 288.539 288.529 288.541 288.451 288.387 288.322 288.267 288.240 288.287 288.379 288.303 288.315 288.326 288.357 288.368 288.246 287.655 287.063 286.455 285.845 285.146 284.552 284.669 284.797 284.925 285.115 285.433 286.461 286.909 287.233 287.480 287.445 287.372 287.237 287.001 286.658 286.327 286.343 286.014 285.988 286.231 286.536 286.903 287.336 287.671 287.943 288.234 288.627 289.141 289.623 289.882
289.669 289.634 289.557 289.474 289.380 289.227 289.110 289.052 289.146 289.173 288.975 288.805 288.822 288.756 288.684 288.580 288.462 288.328 288.403 288.485 288.418 288.364 288.300 288.296 288.474 288.633 288.568 288.382 288.296 288.242 288.228 288.203 288.133 287.845 287.371 286.589 285.813 285.351 284.738 285.059 286.093 286.971 286.860 287.549 288.085 288.026 288.032 287.658 287.357 287.189 287.049 286.896 286.634 286.266 286.276 286.737 287.204 287.516 287.825 288.185 288.579 288.821 289.112 289.531 290.080 290.351 290.803
290.149 289.769 289.562 289.481 289.344 289.241 289.168 288.966 288.824 288.846 288.776 288.842 288.908 288.955 288.909 288.850 288.755 288.608 288.423 288.329 288.315 288.261 288.138 288.059 288.227 288.407 288.473 288.481 288.435 288.350 288.270 288.303 288.305 288.180 288.197 288.164 287.525 287.528 286.878 287.249 288.027 288.384 288.537 288.641 288.534 288.251 288.062 287.846 287.552 287.473 287.379 286.888 286.329 286.487 287.031 287.457 287.872 288.324 288.772 289.103 289.460 289.806 289.970 290.389 290.869 291.366 291.747
290.827 290.716 290.312 290.307 289.821 289.444 289.230 289.084 289.115 288.992 288.852 288.916 288.971 288.991 288.955 288.919 288.886 288.824 288.655 288.497 288.363 288.176 288.037 288.023 288.095 288.202 288.102 288.135 288.264 288.333 288.416 288.520 288.672 288.732 288.569 288.203 288.524 288.668 288.593 288.747 288.922 289.132 288.948 288.824 288.771 288.528 288.333 288.190 288.111 287.744 287.605 287.275 286.899 287.227 287.763 288.171 288.588 288.982 289.457 289.980 290.153 290.500 291.125 291.570 291.627 291.723 291.888
290.924 290.956 290.975 290.916 290.819 290.419 290.037 289.815 289.663 289.270 289.062 289.021 289.059 289.018 288.973 288.933 288.846 288.831 288.874 288.759 288.654 288.529 288.228 288.127 288.301 288.469 288.546 288.426 288.426 288.417 288.417 288.447 288.517 288.514 288.530 288.742 289.091 289.122 289.292 289.380 289.403 289.423 289.358 289.325 289.332 289.218 289.014 288.949 288.787 288.459 288.434 288.438 288.390 288.497 288.651 288.928 289.337 289.734 290.129 290.744 291.408 291.644 291.759 291.750 291.755 292.078 291.879
291.151 291.135 291.070 290.994 290.998 290.935 290.942 290.800 290.340 290.040 289.990 290.101 289.985 289.500 289.052 288.915 288.873 288.812 288.933 288.886 288.770 288.578 288.377 288.283 288.364 288.403 288.550 288.764 288.645 288.368 288.367 288.577 288.787 288.855 288.845 288.828 288.871 288.885 288.849 289.033 289.131 289.284 289.430 289.553 289.602 289.722 289.854 289.762 289.702 289.596 289.686 289.881 289.854 289.830 289.938 289.971 290.208 290.752 291.303 291.765 291.761 291.756 291.878 291.997 292.118 292.156 292.084
291.371 291.181 291.186 291.234 291.533 291.649 291.334 291.197 291.233 291.142 290.936 290.621 290.383 290.155 289.838 289.336 289.068 289.000 288.959 288.993 288.828 288.614 288.406 288.250 288.246 288.281 288.335 288.512 288.427 288.301 288.361 288.645 288.898 289.007 289.126 289.147 289.184 289.232 289.333 289.203 289.145 289.181 289.232 289.315 289.425 289.636 289.896 290.310 290.470 290.500 290.494 290.474 290.543 290.796 290.889 290.980 291.337 291.592 291.529 291.602 291.792 291.827 291.882 291.806 291.969 291.980 291.965
292.229 291.324 291.755 292.277 292.490 292.414 291.832 291.484 291.515 291.524 291.519 291.407 291.251 291.074 290.731 290.179 289.590 289.089 289.089 289.003 288.808 288.597 288.482 288.409 288.267 288.192 288.201 288.201 288.285 288.343 288.411 288.375 288.754 288.895 288.878 288.931 288.932 289.039 289.353 289.566 289.607 289.547 289.521 289.552 289.550 289.712 289.813 289.899 289.989 290.101 290.227 290.664 290.926 291.008 290.935 290.990 291.313 291.559 291.413 291.482 291.756 291.800 291.770 291.741 291.855 291.992 291.938
294.271 293.470 293.069 293.302 293.753 293.168 292.570 292.012 291.662 291.578 291.585 291.609 291.616 291.487 291.286 290.789 290.248 289.563 289.240 289.049 288.787 288.624 288.621 288.646 288.476 288.282 288.245 288.539 288.886 288.995 289.055 288.978 288.874 288.826 288.865 288.873 288.683 288.856 289.061 289.242 289.454 289.806 289.849 289.880 289.861 290.064 290.282 290.293 290.167 290.000 290.183 290.267 290.409 290.488 290.535 290.746 291.157 291.456 291.576 291.578 291.809 291.854 291.953 291.963 291.874 291.988 292.177
296.457 295.869 295.416 294.723 294.655 294.172 293.667 293.404 293.247 292.773 292.176 291.659 291.535 291.554 291.433 291.246 290.794 290.292 289.634 289.153 288.833 288.712 288.754 288.822 288.753 288.417 288.598 289.365 289.934 290.294 290.263 290.164 289.922 289.657 289.606 289.480 289.316 289.240 289.237 289.219 289.217 289.236 289.701 289.725 290.083 290.193 290.244 290.278 290.096 289.993 290.414 290.788 290.800 290.837 290.978 290.880 290.657 290.824 291.187 291.432 291.665 291.853 291.937 292.009 291.930 291.851 291.819
296.828 296.734 296.842 296.234 295.789 295.411 294.962 294.386 293.558 292.917 292.344 291.786 291.606 291.515 291.444 291.369 291.293 290.632 289.745 289.237 288.876 288.815 288.866 288.896 288.789 288.432 288.808 289.743 290.411 290.713 290.790 290.808 290.861 290.848 290.713 290.594 290.430 290.210 290.051 289.907 289.783 289.720 289.737 289.760 289.813 289.802 289.731 289.882 290.001 290.094 290.334 290.485 290.474 290.629 291.093 291.162 291.090 291.055 291.067 291.226 291.427 291.247 291.688 291.556 291.582 291.703 291.684
