inputs/trig.txt
ncols 80
nrows 80
xllcorner 0
yllcorner 0
cellsize 0.0001
[rows 0 to 16 of 80, columns 0 to 36 of 80]
1.803795145604227823e-01 2.682301723778840463e-01 3.633542366972836724e-01 4.642373622920330511e-01 5.682596377843494029e-01 6.717315755352906148e-01 7.700708943889997826e-01 8.581151911480924266e-01 9.305443812340824516e-01 9.823678411251486331e-01 1.009417993314082329e+00 1.008787288480328392e+00 9.791504170474568669e-01 9.209276913798857267e-01 8.362667867843530667e-01 7.288450140521698373e-01 6.035189283566092522e-01 4.658683339290214942e-01 3.216944032994724645e-01 1.765348632638546467e-01 3.525286666786925371e-02 -9.825820962155007443e-02 -2.212313896211463571e-01 -3.320427317696825753e-01 -4.301058463758926642e-01 -5.156765535421653501e-01 -5.896075826577659162e-01 -6.530936691076650868e-01 -7.074415445474779851e-01 -7.538890450779808239e-01 -7.934853236073524663e-01 -8.270324011851342139e-01 -8.550790046995868643e-01 -8.779519920949764300e-01 -8.958089214128716060e-01 -9.086969149909165377e-01 -9.166067822754384586e-01
2.073801221059323741e-01 2.942646983446179920e-01 3.880821205002404350e-01 4.873292583543801237e-01 5.894032564402749141e-01 6.906374233669855256e-01 7.864778294035110751e-01 8.717957096020213514e-01 9.413095554382368002e-01 9.900718311836632646e-01 1.013962060435587453e+00 1.010123243191233255e+00 9.772834422749409056e-01 9.159184878780554095e-01 8.282329966629800033e-01 7.179618871348091291e-01 5.900192056356667880e-01 4.500413323834505652e-01 3.038842966734849882e-01 1.571381639443916178e-01 1.471512441300004692e-02 -1.194464657953671072e-01 -2.425394297219868878e-01 -3.529050765750206820e-01 -4.499283363497068589e-01 -5.338429696346268516e-01 -6.054867453990845361e-01 -6.660469349222130075e-01 -7.168306116453877497e-01 -7.590839757219542960e-01 -7.938726850838251359e-01 -8.220234245001301066e-01 -8.441176579258559132e-01 -8.605228644594218324e-01 -8.714448146579216736e-01 -8.769860402811402444e-01 -8.771994639464257837e-01
2.343072654024723478e-01 3.201528960421492487e-01 4.125922321607893850e-01 5.101371516095598579e-01 6.102060429453276535e-01 7.091595319863041036e-01 8.024768218210255322e-01 8.850677459282166870e-01 9.516944210797861903e-01 9.974574412127423795e-01 1.018288363887668746e+00 1.011385457059764903e+00 9.755345533702763916e-01 9.112709700731526086e-01 8.208597012431335660e-01 7.080960748744300481e-01 5.779537007028759943e-01 4.361267900753539872e-01 2.885265891569247509e-01 1.407949004593643250e-01 -2.108665373462270676e-03 -1.362034445812462247e-01 -2.586458091653826008e-01 -3.677471542450179154e-01 -4.628696391690400036e-01 -5.442319203666458050e-01 -6.126647601171986146e-01 -6.693568518796710887e-01 -7.156253456489135578e-01 -7.527352871018897496e-01 -7.817799487277826698e-01 -8.036222822414388345e-01 -8.188884368991264928e-01 -8.279986448814196098e-01 -8.312190328715161058e-01 -8.287195168027035042e-01 -8.206267516525121986e-01
2.610936406151884714e-01 3.458234275132658908e-01 4.368104472795104054e-01 5.325856542348456069e-01 6.305931297324022244e-01 7.272255729554646386e-01 8.180002996945620053e-01 8.978708523676558473e-01 9.616481130920796483e-01 1.004485867600928950e+00 1.022372579618514576e+00 1.012566352707650275e+00 9.739149372541856531e-01 9.070167521959364709e-01 8.142001405177267115e-01 6.993230642154653065e-01 5.674200781978531172e-01 4.242436784419385543e-01 2.757597798502438580e-01 1.276603129195263975e-01 -1.505040494517706495e-02 -1.483532470549246973e-01 -2.693731182030666416e-01 -3.763976111321258866e-01 -4.687733229007868818e-01 -5.467120591977820965e-01 -6.110468021412902573e-01 -6.629777749908286610e-01 -7.038430815714025179e-01 -7.349381301488395746e-01 -7.573958176455406477e-01 -7.721277029649186163e-01 -7.798171153164311642e-01 -7.809495017898928637e-01 -7.758635781846797697e-01 -7.648084466967399742e-01 -7.479956606563891164e-01
2.876722957561215210e-01 3.712055546055121891e-01 4.606635242214576209e-01 5.546005663154356391e-01 6.504911453044782688e-01 7.447649987710996955e-01 8.329826994188351819e-01 9.101467169120092127e-01 9.711218782966825058e-01 1.011120183361061464e+00 1.026191744681548501e+00 1.013658840929764882e+00 9.724349539427011857e-01 9.031847730974917887e-01 8.083024008505403923e-01 6.917099806768929326e-01 5.585036028858554324e-01 4.144935998814874289e-01 2.656990025781161280e-01 1.178591631159519038e-01 -2.398078471831360803e-02 -1.557683360742694867e-01 -2.746031968722341676e-01 -3.787565766270182266e-01 -4.675680249726088533e-01 -5.412520299628476028e-01 -6.006542453941621229e-01 -6.469976741049323632e-01 -6.816532805157489161e-01 -7.059592396415105275e-01 -7.211007980471538792e-01 -7.280509772226644305e-01 -7.275630691062072719e-01 -7.202002339454781632e-01 -7.063857724938473748e-01 -6.864592461005443180e-01 -6.607274366968275414e-01
3.139767980293171057e-01 3.962293338984326230e-01 4.840793256162613245e-01 5.761091211003349644e-01 6.698284782927736991e-01 7.617093183507460674e-01 8.473607426389708763e-01 9.218394288868674291e-01 9.800693141964218480e-01 1.017325532142746791e+00 1.029724386341466902e+00 1.014656363252363747e+00 9.711040702784177192e-01 8.998010993958649451e-01 8.032090677613729079e-01 6.853150747502965157e-01 5.512764494792422587e-01 4.069599190375182696e-01 2.584349875879130010e-01 1.114845494425090178e-01 -2.881057529017005958e-02 -1.583708750436462198e-01 -2.742784365127035051e-01 -3.747968161772975426e-01 -4.592683147897276275e-01 -5.279208633049949917e-01 -5.816243800334972569e-01 -6.216369207726588630e-01 -6.493750923613963444e-01 -6.662329365204360254e-01 -6.734612615742715525e-01 -6.721076571495820939e-01 -6.630081486599640472e-01 -6.468158112399813309e-01 -6.240499268842499836e-01 -5.951508722555923780e-01 -5.605297450413019300e-01
3.399413998782112589e-01 4.208258094408542371e-01 5.069870365186699424e-01 5.970402255211445519e-01 6.885355351803446045e-01 7.779923644890572865e-01 8.610737035074402801e-01 9.328957335980447851e-01 9.884465962547931417e-01 1.023069311365814693e+00 1.032950642801769181e+00 1.015552931305200746e+00 9.699307993750060364e-01 8.968887481607491496e-01 7.989569184308646932e-01 6.801872762040106490e-01 5.457971184168133316e-01 4.017070500184951598e-01 2.540332433248712607e-01 1.085970225801302647e-01 -2.949151898986890341e-02 -1.561335449689262300e-01 -2.684024143190782419e-01 -3.645640457138168422e-01 -4.439745176228095946e-01 -5.068871039276990897e-01 -5.542085987896530064e-01 -5.872452492402475688e-01 -6.074727655183346231e-01 -6.163546185055902571e-01 -6.152206072600976405e-01 -6.052059400184507387e-01 -5.872417965376175442e-01 -5.620827051566316124e-01 -5.303543345342781601e-01 -4.926069059984144460e-01 -4.493632548790973402e-01
3.655012033202840183e-01 4.449272027670752583e-01 5.293173785697649070e-01 6.173246951787690895e-01 7.065449907635925619e-01 7.935505522393234701e-01 8.740636651604454244e-01 9.432652748811628518e-01 9.962126925485179640e-01 1.028321343512579755e+00 1.035852374875001924e+00 1.016343162771180086e+00 9.689226461623376974e-01 8.944675303423903490e-01 7.955766561453120334e-01 6.763658197035357089e-01 5.421099623300190684e-01 3.987799056474789494e-01 2.525334656628828167e-01 1.092240103427483122e-01 -2.601681205305289568e-02 -1.490798312264645653e-01 -2.570398539383980663e-01 -3.481764038545266393e-01 -4.218715018957482910e-01 -4.784166796997058047e-01 -5.187690759592490375e-01 -5.442969334838189122e-01 -5.565489697683623227e-01 -5.570718365767782787e-01 -5.472876610361134819e-01 -5.284319243476133243e-01 -5.015426618032721162e-01 -4.674863361789977079e-01 -4.270040057687040091e-01 -3.807630166186946608e-01 -3.294032729317652453e-01
3.905923221582203730e-01 4.684670996683563127e-01 5.510028195111739135e-01 6.368954830213158225e-01 7.237920304502958313e-01 8.083231272113282628e-01 8.862757643305252397e-01 9.529008244498269331e-01 1.003329564741883617e+00 1.033054034678952515e+00 1.038413267967870146e+00 1.017022313697719005e+00 9.680860593805447056e-01 8.925539160097674118e-01 7.930926885989515451e-01 6.738799446127364812e-01 5.402448270290791665e-01 3.982035134507094232e-01 2.539491799185901177e-01 1.133595571481257891e-01 -1.842117260284908964e-02 -1.372837770358187326e-01 -2.403159125472893454e-01 -3.258230879793185819e-01 -3.932264445323764290e-01 -4.428695395536521584e-01 -4.757739829264783227e-01 -4.933842467943719834e-01 -4.973361282293620178e-01 -4.892730910579946024e-01 -4.707224938073825693e-01 -4.430319779171956185e-01 -4.073570212718036765e-01 -3.646850335085661254e-01 -3.158796414102055250e-01 -2.617304232335934677e-01 -2.029971770347120397e-01
4.151520416621258813e-01 4.913806332050418835e-01 5.719777774186605157e-01 6.556879009573450823e-01 7.402145835221508596e-01 8.222524028159420295e-01 8.976584230622616234e-01 9.617584969978130172e-01 1.009762354398492379e+00 1.037242519551378583e+00 1.040618923807815621e+00 1.017586306975856392e+00 9.674263903300901468e-01 8.911609223147527459e-01 7.915229516545195798e-01 6.727486712727559492e-01 5.402168099150567171e-01 3.999828016684784937e-01 2.582676188771792503e-01 1.209643805882735790e-01 -6.780493757859495929e-03 -1.208692062240154241e-01 -2.184148022613701667e-01 -2.977621699225536656e-01 -3.583856013741515412e-01 -4.006951026851031661e-01 -4.257913034171631472e-01 -4.352092941082252864e-01 -4.306858831126009202e-01 -4.139745152243614612e-01 -3.867198794006260210e-01 -3.503925039356993176e-01 -3.062743718339052679e-01 -2.554809635922274946e-01 -1.990034090315889459e-01 -1.377560423989714899e-01 -7.261848262994580194e-02
4.391189753236970361e-01 5.136046624550003603e-01 5.921788190374384087e-01 6.736398336719473523e-01 7.557535465223277349e-01 8.352839855300179250e-01 9.081635665524263601e-01 9.697979500755888882e-01 1.015479553717864469e+00 1.040864792047903054e+00 1.042456941395342174e+00 1.018031756816132560e+00 9.669478586417068477e-01 8.902980249443621652e-01 7.908787798346464948e-01 6.729806554704161892e-01 5.420261377734332253e-01 4.041025571179312492e-01 2.654498379298620425e-01 1.319662445621099800e-01 8.788914666793490316e-03 -1.000084234400571703e-01 -1.915777610619165960e-01 -2.643176165013781942e-01 -3.177701217073819473e-01 -3.524265765873450529e-01 -3.694813301887288626e-01 -3.705743297181112172e-01 -3.575568467842072939e-01 -3.323046460110188893e-01 -2.965906505182596131e-01 -2.520174338378613488e-01 -2.000006057686697369e-01 -1.417885370994465544e-01 -7.850214488979936900e-02 -1.118007423043405023e-02 5.918155900284142318e-02
4.624332182905168676e-01 5.350779465058236317e-01 6.115448516194046391e-01 6.906919439389314075e-01 7.703529959640915692e-01 8.473669873019359366e-01 9.177468261945213035e-01 9.769825678308179384e-01 1.020453159860629899e+00 1.043901820936983249e+00 1.043916986726946883e+00 1.018355989074311241e+00 9.666535252851607973e-01 8.899710936634326330e-01 7.911648244792246487e-01 6.745741222096222067e-01 5.456581649383851484e-01 4.105275552680763274e-01 2.754310662847105906e-01 1.462606454260780287e-01 2.813148828869299622e-02 -7.492040546358036401e-02 -1.601003955897727371e-01 -2.258755492782043850e-01 -2.718709574931643669e-01 -2.986742157585119406e-01 -3.075879422780447570e-01 -3.003706938872903187e-01 -2.790008143039691135e-01 -2.454875100728524384e-01 -2.017412436324917124e-01 -1.495038121011157961e-01 -9.032922174287492945e-02 -2.560084819312261062e-02 4.343134883144125075e-02 1.156081723410435774e-01 1.898238836506284111e-01
4.850364970969904821e-01 5.557413132113214749e-01 6.300173076821182772e-01 7.067878687504762780e-01 7.839603895949662782e-01 8.584542242683554925e-01 9.263677269701482420e-01 9.832796277760029735e-01 1.024658812106420847e+00 1.046337649826590610e+00 1.044990850896646561e+00 1.018557057304920965e+00 9.665452729894903339e-01 8.901823523861889242e-01 7.923790201597064042e-01 6.775168792925068129e-01 5.510834918426243956e-01 4.192028614148430865e-01 2.881212910835518892e-01 1.637118046451677134e-01 5.105396250601385022e-02 -4.586850259360680804e-02 -1.243294250752999264e-01 -1.828797867388552711e-01 -2.212429288362584845e-01 -2.401176063105703862e-01 -2.409287780384587463e-01 -2.255665209349161093e-01 -1.961476357427670569e-01 -1.548242786926426473e-01 -1.036517520145694565e-01 -4.451586944259524475e-02 2.088894265376569845e-02 9.104526556681531713e-02 1.645782071832506410e-01 2.402153813151243489e-01 3.167520813151274983e-01
5.068723153176635243e-01 5.755378222472952165e-01 6.475403221307791668e-01 7.218744056159922540e-01 7.965267554921022786e-01 8.685024010061914712e-01 9.339898583957635392e-01 9.886604498237210326e-01 1.028075911172667611e+00 1.048159480998264614e+00 1.045672496249433925e+00 1.018633754446242490e+00 9.666237941999652472e-01 8.909303640483119402e-01 7.945125995928428164e-01 6.817864106064042140e-01 5.582582029931929535e-01 4.300543003810936016e-01 3.034060691572303958e-01 1.841539585154265968e-01 7.732730353353955977e-02 -1.315767424602509728e-02 -8.465886226956476079e-02 -1.358267203525112266e-01 -1.664980174283602066e-01 -1.774970740251401446e-01 -1.703844337844439283e-01 -1.471933883027269074e-01 -1.101889658559963708e-01 -6.167376648459625688e-02 -3.852829374310699946e-03 6.124199470140798823e-02 1.317769460372035795e-01 2.061049301669274636e-01 2.827338798861235847e-01 3.602894070074881827e-01 4.374824200629920390e-01
5.278860947788568403e-01 5.944129220172611472e-01 6.640609012075446849e-01 7.359016884143950721e-01 8.080068683083156955e-01 8.774722796003160408e-01 9.405810283028148699e-01 9.931005269106628619e-01 1.030687720109874972e+00 1.049357742645661951e+00 1.045958090327169243e+00 1.018585620066595698e+00 9.668885866488005076e-01 8.922100403824102521e-01 7.975501569461764806e-01 6.873500484028780555e-01 5.671242224469152937e-01 4.429890907255852328e-01 3.211475590986527795e-01 2.073929327072434048e-01 1.066889968325340221e-01 2.286871222209935217e-02 -4.152567344333646382e-02 -8.525958366995120552e-02 -1.082979690333057410e-01 -1.116043244833153647e-01 -9.688683073442022620e-02 -6.633209071741696938e-02 -2.236112483700433001e-02 3.256793383120475116e-02 9.609819547909703719e-02 1.660528818045858279e-01 2.404634188908329195e-01 3.175610829674798130e-01 3.957482482756053965e-01 4.735636742845148461e-01 5.496524477111075502e-01
5.480253119756839375e-01 6.123145999757564351e-01 6.795290827572381120e-01 7.488233522185470115e-01 8.183594120345034639e-01 8.853288328667761053e-01 9.461133988017722540e-01 9.965796366155512676e-01 1.032481446279191362e+00 1.049926139164329530e+00 1.045846027416055479e+00 1.018412943128423453e+00 9.673379565679556258e-01 8.940126765304022838e-01 8.014697590781800773e-01 6.941652232506329012e-01 5.776097839080907015e-01 4.578966380382985535e-01 3.411857643461636003e-01 2.332079866732578721e-01 1.388456700692395629e-01 6.183248585848544199e-02 4.595034741549625101e-03 -3.176218062411115262e-02 -4.734629443392646131e-02 -4.327243360543256423e-02 -2.140690392945595460e-02 1.590226437170081178e-02 6.607268334033507273e-02 1.264883753597268456e-01 1.946416202323019984e-01 2.682152667929819656e-01 3.451141451952403627e-01 4.234598329801374517e-01 5.015647517374913766e-01 5.778999635270198887e-01 6.510672203087958243e-01
5.672396293534532896e-01 6.291935259549925608e-01 6.938980873247770909e-01 7.605966865470694671e-01 8.275471286926563419e-01 8.920413811331978637e-01 9.505636038558084033e-01 9.990819332625688887e-01 1.033448304010748053e+00 1.049861684228482694e+00 1.045336937574544711e+00 1.018116760253578557e+00 9.679690295234701924e-01 8.963260102573596955e-01 8.062431039098176822e-01 7.021797897498326391e-01 5.896300116432141580e-01 4.746494805393373095e-01 3.633399760668566403e-01 2.613539104013769543e-01 1.734760243942579383e-01 1.033246417968368136e-01 5.319524847244724852e-02 2.404785455952507256e-02 1.562023446846877439e-02 2.663468485050819040e-02 5.505822423746436350e-02 9.837563454028523668e-02 1.538405392411579808e-01 2.186799260700036107e-01 2.902397077007319304e-01 3.660706210110685754e-01 4.439630170476664417e-01 5.219447137099918477e-01 5.982578116355924402e-01 6.713287726935103228e-01 7.397422528176786916e-01
