inputs/trig.txt
ncols 80
nrows 80
xllcorner 0
yllcorner 0
cellsize 0.0001
[rows 51 to 67 of 80, columns 0 to 36 of 80]
4.773183109220151543e-01 4.393473455229776059e-01 4.204396884884271657e-01 4.237264559580372625e-01 4.503015816880333588e-01 4.990837456545516027e-01 5.668784175991367080e-01 6.486407327933054745e-01 7.379153090501751056e-01 8.274066638075646685e-01 9.096172676774395560e-01 9.774823034702168068e-01 1.024932309609823067e+00 1.047326785214751865e+00 1.041721541408141549e+00 1.006956778996459745e+00 9.435775070771029727e-01 8.536189652056782595e-01 7.403039145663841136e-01 6.077041104852719533e-01 4.604147045594491616e-01 3.032791271062885152e-01 1.411858398038364493e-01 -2.105938980058066901e-02 -1.787979426063388277e-01 -3.275430628689443013e-01 -4.629933575808067303e-01 -5.810619919551682777e-01 -6.779412598423107950e-01 -7.502113276216949567e-01 -7.949899015367650756e-01 -8.101087954947551184e-01 -7.942958072501790090e-01 -7.473370351198090900e-01 -6.701959239150152570e-01 -5.650702074107596395e-01 -4.353752240848167698e-01
4.544631467767725752e-01 4.151243537580325826e-01 3.960156725155294932e-01 4.002495504771881318e-01 4.288167635778672437e-01 4.804526422090034110e-01 5.517091375704250567e-01 6.372329829016529779e-01 7.302252389103107699e-01 8.230347476430612819e-01 9.078211444655361895e-01 9.772149382640271664e-01 1.024904200439873403e+00 1.046089322246260611e+00 1.037767129407417999e+00 9.988300573966222284e-01 9.299910300804574703e-01 8.335661072988556075e-01 7.131615936581134907e-01 5.733181964655958973e-01 4.191617039450740712e-01 2.560988761887648124e-01 8.958144506130830131e-02 -7.505633196371974680e-02 -2.326968314350608413e-01 -3.784964065904766195e-01 -5.079274148401253797e-01 -6.168299798712272297e-01 -7.014915799582777112e-01 -7.587620499987297595e-01 -7.861999951617343330e-01 -7.822363585598443025e-01 -7.463338640319792106e-01 -6.791183267782954225e-01 -5.824594967603323736e-01 -4.594844318649753956e-01 -3.145140709221922459e-01
4.309169394992351521e-01 3.904219908049894605e-01 3.713498914545152463e-01 3.767764701576273856e-01 4.075690512785320463e-01 4.622585666235048407e-01 5.371234634862336321e-01 6.264850715853544916e-01 7.231887510832690769e-01 8.192220556095284323e-01 9.064040204252662436e-01 9.770713888110391654e-01 1.024689566796368245e+00 1.044328072133366314e+00 1.032960239264045565e+00 9.895716251731420110e-01 9.150868573881085766e-01 8.121465139089112384e-01 6.847807214093752926e-01 5.380325399937028186e-01 3.775815592686843636e-01 2.094077826319920843e-01 3.952044122066028509e-02 -1.262408055837750676e-01 -2.823403849821489731e-01 -4.236363171384037729e-01 -5.454491249172431777e-01 -6.436333390948320021e-01 -7.146681841048835304e-01 -7.557739779714934825e-01 -7.650497207142251677e-01 -7.416176688203048872e-01 -6.857542666524748531e-01 -5.989846532303767512e-01 -4.841201579627856244e-01 -3.452239689693447633e-01 -1.874981558275529148e-01
4.067385423449707549e-01 3.653083269146951695e-01 3.465169404860476421e-01 3.533848014909317103e-01 3.866349136095276195e-01 4.445725663738603339e-01 5.231829981256748141e-01 6.164459504248077648e-01 7.168403102828622142e-01 8.159886193928653775e-01 9.053738631434992135e-01 9.770525168736949873e-01 1.024289781602166327e+00 1.042055015587027400e+00 1.027335579854123493e+00 9.792523219832462988e-01 8.989856313322990289e-01 7.895433257927305659e-01 6.554172426135101981e-01 5.021823096987795276e-01 3.360897255913209980e-01 1.636959654027776712e-01 -8.445756043311741790e-03 -1.740218794954682957e-01 -3.271285216981630883e-01 -4.623920948107868023e-01 -5.750628098362441376e-01 -6.611024413065105243e-01 -7.172815567648719304e-01 -7.412918952508369408e-01 -7.318691211530985452e-01 -6.889121398253696960e-01 -6.135793692744759831e-01 -5.083408042402258742e-01 -3.769674216689506419e-01 -2.244456542464817739e-01 -5.681292718958146776e-02
3.819883887149974622e-01 3.398525657258465449e-01 3.215919203522971115e-01 3.301518618755536205e-01 3.660896908603090694e-01 4.274637049125610266e-01 5.099466192206483228e-01 6.071613428012478941e-01 7.112110111689148306e-01 8.133514272989978977e-01 9.047364645392191873e-01 9.771584357448459546e-01 1.023707402118201326e+00 1.039285614825400161e+00 1.020933764880217920e+00 9.679511045966279204e-01 8.818176838343928514e-01 7.659498036207743610e-01 6.253359634204562756e-01 4.661080369396102818e-01 2.951007755997086535e-01 1.194432639506688432e-01 -5.378880508735706112e-02 -2.178479152098641569e-01 -3.665198513610758990e-01 -4.942737539054403717e-01 -5.963772600448469241e-01 -6.689963810720103154e-01 -7.092941105093480969e-01 -7.155328519611091620e-01 -6.871759686369667275e-01 -6.249754057710621424e-01 -5.310272108083811116e-01 -4.087758190420057169e-01 -2.629511823949504112e-01 -9.942935732891454437e-02 7.498436544782953461e-02
3.567283411037602825e-01 3.141248535662651831e-01 2.966502102344587000e-01 3.071544440565978640e-01 3.460073236465937563e-01 4.109987919774801268e-01 4.974702307849975247e-01 5.986735356486809767e-01 7.063284260456355046e-01 8.113243349982017794e-01 9.044954082992494593e-01 9.773885095676274615e-01 1.022946153585739149e+00 1.036038708393793639e+00 1.013801019613993271e+00 9.557544427682720389e-01 8.637219814287103725e-01 7.415676755691792410e-01 5.948081632580954903e-01 4.301523811919859552e-01 2.550242573330193663e-01 7.711420130697183017e-02 -9.600925791667186404e-02 -2.572129356498835673e-01 -4.000382192952112170e-01 -5.188782175637318694e-01 -6.091109024613471368e-01 -6.672062980180776259e-01 -6.908207266075533370e-01 -6.788829116027730315e-01 -6.316676848628326457e-01 -5.508454309294787965e-01 -4.394909590286085743e-01 -3.020351295606877873e-01 -1.441462321376959510e-01 2.746505395801548260e-02 2.053147116640228753e-01
3.310215364751096789e-01 2.881960861564856757e-01 2.717672397882034963e-01 2.844685622997533136e-01 3.264600868039975179e-01 3.952421227012767879e-01 4.858065270031997618e-01 5.910211868571841887e-01 7.022164698124847559e-01 8.099179927281309199e-01 9.046520497294616714e-01 9.777413571526630820e-01 1.022010905397547242e+00 1.032336383017529169e+00 1.005988847119656082e+00 9.427556576266773458e-01 8.448450003931941010e-01 7.166054125133958230e-01 5.641091483761847547e-01 3.946568752217213261e-01 2.162606021142398083e-01 3.715310796104404067e-02 -1.346420615418812416e-01 -2.916624667190941267e-01 -4.272784620356783192e-01 -5.358944138339039043e-01 -6.130955201764914930e-01 -6.557568780576019662e-01 -6.621271027207878968e-01 -6.318913649281073797e-01 -5.662104580337651294e-01 -4.677256590879044773e-01 -3.405153991781014189e-01 -1.899899619782780547e-01 -2.271450468449212959e-02 1.538422595976647322e-01 3.316278062570234275e-01
3.049322284527703486e-01 2.621377132483044270e-01 2.470182610264828327e-01 2.621692011383587873e-01 3.075183292766716092e-01 3.802552265402787124e-01 4.750047696758084026e-01 5.842391492047592783e-01 6.988952828290094788e-01 8.091397893380214423e-01 9.052055081347526455e-01 9.782148602696820738e-01 1.020907639950397128e+00 1.028203823359410407e+00 9.975536563683038427e-01 9.290542076397108051e-01 8.253395410922005349e-01 6.912764455707361977e-01 5.335157690755446547e-01 3.599586809599772952e-01 1.791971235727523037e-01 -2.054230119435951352e-05 -1.692616804793542484e-01 -3.207987842621374819e-01 -4.479113048649596696e-01 -5.451072085249109023e-01 -6.082784746714126056e-01 -6.348060129616712732e-01 -6.236259314451337854e-01 -5.752624974494804366e-01 -4.918257262816958519e-01 -3.769654765537996943e-01 -2.357708638441627647e-01 -7.460453305378607347e-02 9.913426582594522807e-02 2.773167025962837151e-01 4.514519536350483087e-01
2.785256267197511737e-01 2.360215417366303137e-01 2.224781207395700733e-01 2.403300675240972739e-01 2.892502209370698685e-01 3.660966270032720016e-01 4.651105801616186031e-01 5.783583116196480134e-01 6.963811322673725268e-01 8.089938134680626503e-01 9.061526717706333001e-01 9.788061763637730950e-01 1.019643414378140767e+00 1.023669140703814096e+00 9.885563549284324125e-01 9.147549276214272940e-01 8.053634911287592679e-01 6.657973412320977724e-01 5.033039230126696850e-01 3.263873868959241697e-01 1.442041477345890055e-01 -3.401653563656525936e-02 -1.994867839711527147e-01 -3.442855058399689749e-01 -4.616873420211835555e-01 -5.464001251280408145e-01 -5.947234011951686439e-01 -6.046426229731659552e-01 -5.758709646659831982e-01 -5.098450339646327656e-01 -4.096742384669980197e-01 -2.800383058939109882e-01 -1.270250440706838235e-01 4.209838373554474628e-02 2.191827561816043490e-01 3.955576199056105580e-01 5.624424339745691670e-01
2.518677340280904287e-01 2.099195377871862500e-01 1.982210341405840071e-01 2.190233472005170268e-01 2.717215072480258509e-01 3.528216131184518933e-01 4.561657466952785400e-01 5.734054584960802670e-01 6.946863324357510638e-01 8.094808320678924529e-01 9.074882153385875894e-01 9.795117556199361974e-01 1.018226315410138083e+00 1.018763181732756484e+00 9.790619091736388890e-01 8.999672266024950629e-01 7.850785473180059704e-01 6.403859496857819966e-01 4.737460670954765085e-01 2.942618774074233778e-01 1.116313128471823624e-01 -6.447801424072752141e-02 -2.249844462954734281e-01 -3.618514743072887008e-01 -4.684400514661165582e-01 -5.397568174186092582e-01 -5.726093681156547710e-01 -5.656826724888625035e-01 -5.195490490951291118e-01 -4.366194182990774109e-01 -3.210379410807437939e-01 -1.785176860389995068e-01 -1.611315742831292280e-02 1.580729185862326802e-01 3.352464034762079326e-01 5.063330390286426841e-01 6.624273847155777162e-01
2.250251812263560636e-01 1.839036285253166925e-01 1.743203604210589452e-01 1.983194661046656648e-01 2.549952726500813727e-01 3.404820235309506948e-01 4.482080478941506962e-01 5.694031477042077460e-01 6.938191844628619487e-01 8.105982863670850858e-01 9.092046299268385923e-01 9.803273622734892667e-01 1.016665407643784658e+00 1.013519318694718896e+00 9.691388751831139237e-01 8.848042507016151692e-01 7.646489068268172984e-01 6.152595421654900587e-01 4.451087604084786875e-01 2.638873037670823596e-01 8.180407590958105324e-02 -9.108522230409421550e-02 -2.454738139016962584e-01 -3.732938883557799237e-01 -4.680878077709346163e-01 -5.252612761197623659e-01 -5.422285113492152364e-01 -5.184634337552747052e-01 -4.554702475411234741e-01 -3.566831189103739641e-01 -2.272999738984684825e-01 -7.405172707553481226e-02 9.509302350739852472e-02 2.712859706525450609e-01 4.452131583379012048e-01 6.075519098073388635e-01 7.494502995846220594e-01
1.980650607172220745e-01 1.580455038323889949e-01 1.508483808953278438e-01 1.782868575854869020e-01 2.391317135256226800e-01 3.291260440740378934e-01 4.412710931998461428e-01 5.663696078498251518e-01 6.937839356390370638e-01 8.123403053187970846e-01 9.112922652281810754e-01 9.812481000383986851e-01 1.014970675562023361e+00 1.007973222393583113e+00 9.588589037221192379e-01 8.693820174031136050e-01 7.442399380742694692e-01 5.906329532484839717e-01 4.176502603257802315e-01 2.355521855952533716e-01 5.502046081369271757e-02 -1.135588625060789392e-01 -2.607291989769900398e-01 -3.784806438806423978e-01 -4.606348687884159743e-01 -5.030967670155557236e-01 -5.039821751191742027e-01 -4.636360776840172671e-01 -3.845561879960156526e-01 -2.712341805864889044e-01 -1.299230865465768325e-01 3.166364556865887414e-02 2.047167595878253976e-01 3.797528494832518864e-01 5.470819186046872451e-01 6.973035760923907977e-01 8.218083135243599013e-01
1.710547587614001108e-01 1.324164187959259165e-01 1.278760804046507604e-01 1.589917362083875518e-01 2.241879215569089201e-01 3.187980196044725156e-01 4.353841809283197639e-01 5.643186552518150156e-01 6.945807586129977285e-01 8.146977364459430104e-01 9.137393837975205102e-01 9.822684415008809955e-01 1.013152959666725916e+00 1.002162619541894673e+00 9.482962228768166968e-01 8.538185278646521770e-01 7.240168421513428765e-01 5.667167439875163693e-01 3.916181934906862727e-01 2.095256702924691572e-01 3.154808058806751747e-02 -1.316630278143764432e-01 -2.705825653692573440e-01 -3.773518591390441212e-01 -4.461713241848499489e-01 -4.735435139386459102e-01 -4.583756100255105270e-01 -4.019566939620758950e-01 -3.078268081103402443e-01 -1.815532687569996195e-01 -3.042681278365205744e-02 1.369122231844749071e-01 3.109080173401134184e-01 4.815720677960924068e-01 6.389989440560296385e-01 7.738938422088483815e-01 8.780855243699371426e-01
1.440617870470882467e-01 1.070869973578902346e-01 1.054729326422049474e-01 1.404978788936463996e-01 2.102176782576705150e-01 3.095382808367864724e-01 4.305721745280632895e-01 5.632596310154429631e-01 6.962057505462211360e-01 8.176581939278345645e-01 9.165322270440577901e-01 9.833822613018176062e-01 1.011223887136475375e+00 9.961270361290343045e-01 9.375271020791666743e-01 8.382328640471474746e-01 7.041433155950858058e-01 5.437154015820460096e-01 3.672473226655228462e-01 1.860549764832006847e-01 1.162146349698434111e-02 -1.452076778139989588e-01 -2.749253794842540510e-01 -3.699205660923502448e-01 -4.248720064538032970e-01 -4.369751559263632679e-01 -4.060112984664897007e-01 -3.342758642930778734e-01 -2.263856857070292716e-01 -8.898447552798650906e-02 6.963624131562566599e-02 2.399853751252218337e-01 4.118746905253170554e-01 5.749586756524426301e-01 7.192915895494358391e-01 8.358769534095302767e-01 9.171806992332353081e-01
1.171536139459024850e-01 8.212703770213800047e-02 8.370669004812655856e-02 1.228664141120578424e-01 1.972712614177310475e-01 3.013829868527073130e-01 4.268553975690159152e-01 5.631973584881041495e-01 6.986509522290413887e-01 8.212061236746388548e-01 9.196550925870927706e-01 9.845828729087834352e-01 1.009195797452302257e+00 9.899075285500050780e-01 9.266293013919764121e-01 8.227442775750448689e-01 6.847802253414332352e-01 5.218255909818109162e-01 3.447574295906862818e-01 1.653630457549560284e-01 -4.560290288448065610e-03 -1.540506335719244446e-01 -2.737098057695141473e-01 -3.562725599504942275e-01 -3.969943775751870740e-01 -3.938540233370321775e-01 -3.475809955862801393e-01 -2.615269325583733373e-01 -1.414041663214268274e-01 5.084824890045015928e-03 1.687046252589918804e-01 3.392097871262650943e-01 5.059128441042287649e-01 6.582755516647729177e-01 7.864987427087938299e-01 8.820828866378950250e-01 9.383288234363980074e-01
9.039749587709106082e-02 5.760531991736719815e-02 6.264317891004256289e-02 1.061556198346056412e-01 1.853952641572623738e-01 2.943639839007179404e-01 4.242495479057086794e-01 5.641321212912890903e-01 7.019043870648546957e-01 8.253228850477583034e-01 9.230904225405205388e-01 9.858630687569341911e-01 1.007081663467115806e+00 9.835464043238023590e-01 9.156815100306257005e-01 8.074712772984518061e-01 6.660843065823210951e-01 5.012344733718250289e-01 3.243513329457710093e-01 1.476464249981958021e-01 -1.683549803338152406e-02 -1.580990700971448004e-01 -2.669492336169544400e-01 -3.365654086555239788e-01 -3.628754168652849055e-01 -3.447252926501200299e-01 -2.838565908910988811e-01 -1.847131336568452464e-01 -5.410451605672007835e-02 9.924476944444747539e-02 2.652324100492891024e-01 4.329746262900559528e-01 5.914354702073234549e-01 7.300621026838842731e-01 8.393974122795428983e-01 9.116394364467000910e-01 9.411160703248251380e-01
6.386030920151003487e-02 3.358941646553392779e-02 4.234610028874086218e-02 9.042073090400470914e-02 1.746324272418643964e-01 2.885086810371378374e-01 4.227656313771779306e-01 5.660596620288240732e-01 7.059501197314834720e-01 8.299868487967784203e-01 9.268189022296531299e-01 9.872151635177793816e-01 1.004895008423716485e+00 9.770869343011504560e-01 9.047627781757062726e-01 7.925307225385057608e-01 6.482068940673606505e-01 4.821181059159913018e-01 3.062130592872160384e-01 1.330733994621286498e-01 -2.508150991967261767e-02 -1.573104907296812294e-01 -2.547181298804044314e-01 -3.110266337399567593e-01 -3.229275476367968745e-01 -2.902100938505909888e-01 -2.156799112558694942e-01 -1.048937585215279911e-01 3.425765793732102327e-02 1.920841365541454682e-01 3.577133118894180730e-01 5.197576917336216296e-01 6.669992708169045770e-01 7.890598688437615582e-01 8.770249833133906270e-01 9.239886791680563816e-01 9.254878990302913833e-01
