inputs/trig.txt
ncols 80
nrows 80
xllcorner 0
yllcorner 0
cellsize 0.0001
[rows 34 to 50 of 80, columns 37 to 73 of 80]
-3.872532158280487247e-01 -5.085331924380160906e-01 -6.220389651545695786e-01 -7.246660872737157311e-01 -8.136048583216063390e-01 -8.864326069056626123e-01 -9.411922813192998838e-01 -9.764554711538044884e-01 -9.913679781076956132e-01 -9.856764374393195416e-01 -9.597350207282833168e-01 -9.144916274454293337e-01 -8.514530047746419195e-01 -7.726279582497381782e-01 -6.804475312851444579e-01 -5.776612359433588306e-01 -4.672096384912632905e-01 -3.520761896475763097e-01 -2.351251132938082244e-01 -1.189369122044792865e-01 -5.657628228194398756e-03 1.031188827728677787e-01 2.064160367506671090e-01 3.038707012542542496e-01 3.956515781705127743e-01 4.823017098428497018e-01 5.645197881310791699e-01 6.429074497597224713e-01 7.177194583319523868e-01 7.886582577554301920e-01 8.547522069889642582e-01 9.143473979101024440e-01 9.652272203814650231e-01 1.004854002575495286e+00 1.030706344165409405e+00 1.040667824682089071e+00 1.033410993372336995e+00
-5.077369539065218484e-01 -6.227114080515823158e-01 -7.269018361605235068e-01 -8.173242184547401257e-01 -8.913857544356469376e-01 -9.469727330983270797e-01 -9.825212688822569929e-01 -9.970692257887667775e-01 -9.902877735229195233e-01 -9.624915198389994986e-01 -9.146267954928838373e-01 -8.482381297877528148e-01 -7.654130495560161895e-01 -6.687050957934287387e-01 -5.610346793259515241e-01 -4.455675852217220179e-01 -3.255721133997754313e-01 -2.042583593121774788e-01 -8.460696816175200530e-02 3.080067469215574949e-02 1.399344086078269933e-01 2.414300321770516400e-01 3.346472109287726981e-01 4.196544747917882456e-01 4.971327493301109790e-01 5.681998183655792012e-01 6.341710020228671363e-01 6.962839453838962633e-01 7.554252130745344740e-01 8.119010247903731825e-01 8.652923168953503552e-01 9.144249002516600111e-01 9.574697076926332873e-01 9.921682182059576860e-01 1.016157334842717752e+00 1.027349932329111759e+00 1.024315366693113072e+00
-6.179278153557963282e-01 -7.238200265074865580e-01 -8.159786992513585746e-01 -8.916270096653896582e-01 -9.484765051993134799e-01 -9.848073523542258956e-01 -9.995279294522121383e-01 -9.922124150719515701e-01 -9.631152749367012378e-01 -9.131621663703118896e-01 -8.439175080698069209e-01 -7.575294971817700951e-01 -6.566534961166210493e-01 -5.443544891086368187e-01 -4.239890212750231924e-01 -2.990671761524422156e-01 -1.730962507514833548e-01 -4.941020162716710379e-02 6.900736083266698073e-02 1.796943689459648275e-01 2.808591380654675840e-01 3.714874948739828042e-01 4.513887975690611398e-01 5.211651312154951254e-01 5.820956446511208471e-01 6.359390877890419569e-01 6.846706110187106287e-01 7.301815887248168657e-01 7.739810870671870457e-01 8.169422598763734777e-01 8.591347951722192455e-01 8.997750726423123790e-01 9.373098338890977210e-01 9.696291470087774478e-01 9.943834947191179108e-01 1.009361588394544595e+00 1.012873403197226851e+00
-7.155920208100344793e-01 -8.097369610873523804e-01 -8.873350869727598678e-01 -9.459057804023874860e-01 -9.835519649890360760e-01 -9.990293063361221915e-01 -9.917912629220509979e-01 -9.620091083373266683e-01 -9.105664286029117038e-01 -8.390283245328690187e-01 -7.495863619866006688e-01 -6.449809017921381837e-01 -5.284026039197182723e-01 -4.033746665020522260e-01 -2.736170273351575255e-01 -1.428938199666978104e-01 -1.484637018323799532e-02 1.071837031012430469e-01 2.203331731945568639e-01 3.223852587283281834e-01 4.119105243161666485e-01 4.883614868425097955e-01 5.521019276648114760e-01 6.043557609891618831e-01 6.470681436603324954e-01 6.826827308910479175e-01 7.138520816596383156e-01 7.431109793480703551e-01 7.725523149693553915e-01 8.035498281947697219e-01 8.365697845739213934e-01 8.711041115065640827e-01 9.057415280781734301e-01 9.383730238146777980e-01 9.665069040025634495e-01 9.876501887657485046e-01 9.997008313467898866e-01
-7.987497301622145107e-01 -8.786589709939081061e-01 -9.394213644934663598e-01 -9.789415464930654176e-01 -9.957979898075177694e-01 -9.892975961287314712e-01 -9.595027905739496044e-01 -9.072308621409731488e-01 -8.340258016992289081e-01 -7.421037133199632763e-01 -6.342737534894919982e-01 -5.138371720919447938e-01 -3.844671848113875856e-01 -2.500721276452252395e-01 -1.146439293776124191e-01 1.790611389382044255e-02 1.439214309543752623e-01 2.601791965868119894e-01 3.640659886579875604e-01 4.537376806323812906e-01 5.282472721888923362e-01 5.876219390489372252e-01 6.328709125748420705e-01 6.659098162269264654e-01 6.893950597241788047e-01 7.064732159385405108e-01 7.204634709349473365e-01 7.345040234833216664e-01 7.512031723536847228e-01 7.723404138808588337e-01 7.986605496119478786e-01 8.297941034314428865e-01 8.643211818484127784e-01 8.999755256130002046e-01 9.339641384431605076e-01 9.633592122861338591e-01 9.855065091459762616e-01
-8.657151777071089294e-01 -9.291395081083033691e-01 -9.711063827677633986e-01 -9.899923958519125655e-01 -9.849303345541546850e-01 -9.558455583487244223e-01 -9.034618139675065773e-01 -8.292770105145832460e-01 -7.355101014830557338e-01 -6.250211239869687407e-01 -5.012073649640089723e-01 -3.678792429451490098e-01 -2.291196071872396989e-01 -8.912979326416242687e-02 4.793476293215422068e-02 1.781367591669056616e-01 2.979338531434182480e-01 4.043549253184505199e-01 4.951674871155538615e-01 5.690240600553970740e-01 6.255716741064624165e-01 6.655064177115161961e-01 6.905554845260061247e-01 7.033733309915110032e-01 7.073466477430153665e-01 7.063142442621240802e-01 7.042211371222553140e-01 7.047388950252873041e-01 7.108940841677251488e-01 7.247511234390392465e-01 7.471933754740358591e-01 7.778364015425186517e-01 8.150909155103907011e-01 8.563723388607280551e-01 8.984322376875220062e-01 9.377679969147962868e-01 9.710542782363511538e-01
-9.151308458340726704e-01 -9.601190774143619766e-01 -9.817020435116036170e-01 -9.788101502265479370e-01 -9.512012506988428706e-01 -8.994752704470316829e-01 -8.250556282190700808e-01 -7.301389183713615783e-01 -6.176150386982304230e-01 -4.909609047807860227e-01 -3.541118197964866487e-01 -2.113151494918424911e-01 -6.697098125967439197e-02 7.453604367569607869e-02 2.090102391144671168e-01 3.326206447929819787e-01 4.420755415961533097e-01 5.347905322956089114e-01 6.090421187364117861e-01 6.640950638408228413e-01 7.002883758302995698e-01 7.190627380771021926e-01 7.229128890438264454e-01 7.152527531722102649e-01 7.001892924598370760e-01 6.822124732825859406e-01 6.658219085803681603e-01 6.551234192646497867e-01 6.534384184986024025e-01 6.629733109955241455e-01 6.845933981701677329e-01 7.177356321246765036e-01 7.604778967711615101e-01 8.097615780713217637e-01 8.617422817087962983e-01 9.122243605655786514e-01 9.571218591477224091e-01
-9.459949845035893201e-01 -9.709474738794197091e-01 -9.709782425188581145e-01 -9.456459387462261557e-01 -8.953936312191663749e-01 -8.215383193471643697e-01 -7.262251794928026305e-01 -6.123491112265607716e-01 -4.834469352857739821e-01 -3.435645722203097829e-01 -1.971044275015902125e-01 -4.865870753347377453e-02 9.716571039136630283e-02 2.359258955881720354e-01 3.635209251767894112e-01 4.763659925411302121e-01 5.715589871905292219e-01 6.470345765055774967e-01 7.016981934923037789e-01 7.355289411260853560e-01 7.496371958957149806e-01 7.462608659831408975e-01 7.286850824034375451e-01 7.010744876943634241e-01 6.682154886127158466e-01 6.351772377112201440e-01 6.069131884296072865e-01 5.878376094373838345e-01 5.814209093414963725e-01 5.898516725512378267e-01 6.138103319935130919e-01 6.523889588582426624e-01 7.031746756681038768e-01 7.624929749365678688e-01 8.257850290135534399e-01 8.880736152979732401e-01 9.444589996818572031e-01
-9.576819186351899216e-01 -9.613974290799672806e-01 -9.391678667961775862e-01 -8.912445581029958541e-01 -8.188028387041018652e-01 -7.239033945287464134e-01 -6.094170168527511811e-01 -4.789165807359812010e-01 -3.365408784119379160e-01 -1.868358955297224067e-01 -3.457993728421536461e-02 1.154006218809675022e-01 2.584184743516510507e-01 3.901097992246145285e-01 5.066115365737571263e-01 6.047280144143555303e-01 6.820835383691038478e-01 7.372564494710569516e-01 7.698878033602035709e-01 7.807546773906047788e-01 7.717950921273141196e-01 7.460698656142158436e-01 7.076476438967198579e-01 6.614037772604700605e-01 6.127318877525967933e-01 5.671782805995448928e-01 5.300222776881309272e-01 5.058378809313892610e-01 4.980813782527087619e-01 5.087532556631596536e-01 5.381794788244915750e-01 5.849464247501782177e-01 6.460064355308502426e-01 7.169494241556968461e-01 7.924134794104034096e-01 8.665877134843871232e-01 9.337471285976970403e-01
-9.499547317371654920e-01 -9.316693811541010284e-01 -8.869617369945158591e-01 -8.168277460236886833e-01 -7.232066384159693273e-01 -6.089114825748633830e-01 -4.775227279084264254e-01 -3.332499187004844265e-01 -1.807675773070951397e-01 -2.503214109671459200e-02 1.289124741339764679e-01 2.761329318031542357e-01 4.120009194971808730e-01 5.323779108776675040e-01 6.337856488067982186e-01 7.135589978932145305e-01 7.699782425944250441e-01 8.023771043361459521e-01 8.112206724563066906e-01 7.981445292014550663e-01 7.659435083915420162e-01 7.184969767745439384e-01 6.606185012250768152e-01 5.978221679073603134e-01 5.360059002089667679e-01 4.810632643787966511e-01 4.384479490419989078e-01 4.127271518029577146e-01 4.071689858526773564e-01 4.234124162930467672e-01 4.612645685270052032e-01 5.186591039917072266e-01 5.917917048105282296e-01 6.754268574580752915e-01 7.633473826130323658e-01 8.488982576274440861e-01 9.255626857616472414e-01
-9.229700686566626455e-01 -8.823872679681491471e-01 -8.154936049716818847e-01 -7.240667436744746555e-01 -6.108239342007991679e-01 -4.793197374808583211e-01 -3.338073575253334702e-01 -1.790702431116560078e-01 -2.023137706946682990e-02 1.374515688860348250e-01 2.887965372246141249e-01 4.289042348076932964e-01 5.533543292255681534e-01 6.583843776105359202e-01 7.410469913432384814e-01 7.993423293711980904e-01 8.323237730376236154e-01 8.401741360340144738e-01 8.242479442700647585e-01 7.870726091895681176e-01 7.322986136652660516e-01 6.645873404656476024e-01 5.894261297778553566e-01 5.128644577565747431e-01 4.411730343842963364e-01 3.804385163644739554e-01 3.361189229494435105e-01 3.125965371487245403e-01 3.127735699055764207e-01 3.377588621283237891e-01 3.866898358058235008e-01 4.567223835974674739e-01 5.432033970101318721e-01 6.400185015845067937e-01 7.400846136748830961e-01 8.359369020133574635e-01 9.203461020842326201e-01
-8.772749600892437716e-01 -8.145854317912727405e-01 -7.263155322913894540e-01 -6.150447631872658638e-01 -4.842632650366961444e-01 -3.382353725426753277e-01 -1.818285815961830643e-01 -2.031614058057719385e-02 1.408378834141657265e-01 2.962016423965438405e-01 4.405969827097984126e-01 5.693100630099008352e-01 6.782829757300163909e-01 7.642800896884673900e-01 8.250250248889789972e-01 8.593061251342692941e-01 8.670493908380726422e-01 8.493576264130354714e-01 8.085129689730286007e-01 7.479374126936134681e-01 6.721033163299102720e-01 5.863843831711069710e-01 4.968384621965074022e-01 4.099176426122664862e-01 3.321087600788913408e-01 2.695180028693604513e-01 2.274253177353754707e-01 2.098455929928175479e-01 2.191416574987933852e-01 2.557367005007342153e-01 3.179692460726170067e-01 4.021219294506576114e-01 5.026370297737046133e-01 6.125093549890202604e-01 7.238239823814374141e-01 8.283862850799997846e-01 9.183780985314243805e-01
-8.137957332211669392e-01 -7.296869103252012767e-01 -6.213641843598127767e-01 -4.922102032063586097e-01 -3.464622576778402796e-01 -1.890411588949124921e-01 -2.534863672715388649e-02 1.389569465635936141e-01 2.981963200824553351e-01 4.469059052604905657e-01 5.800648075499317269e-01 6.933024509282005310e-01 7.830786598449654967e-01 8.468302590343554925e-01 8.830808559227001364e-01 8.915127981705530669e-01 8.730017224383148644e-01 8.296141659168750904e-01 7.645673105359793720e-01 6.821474753031507854e-01 5.875813486987782053e-01 4.868523614686095513e-01 3.864552721939241708e-01 2.930858871267755239e-01 2.132701323199003574e-01 1.529468565918150058e-01 1.170303048016148317e-01 1.089890078439041399e-01 1.304854283053507313e-01 1.811228232415021400e-01 2.583409172069989768e-01 3.574897619765667889e-01 4.720926202425834717e-01 5.942862028790371065e-01 7.154034544952628805e-01 8.266440767549485535e-01 9.197645796362544646e-01
-7.338192333068568329e-01 -6.294735697210509517e-01 -5.029187721843456638e-01 -3.583216631333219770e-01 -2.006194407717487860e-01 -3.531431701552210922e-02 1.317588139789745427e-01 2.946803183048793962e-01 4.476978223784288113e-01 5.854707339858574722e-01 7.032962075778094180e-01 7.973066402160222665e-01 8.646307798048207260e-01 9.035132320484067225e-01 9.133901602738895287e-01 8.949216666723561753e-01 8.499830676300383914e-01 7.816175494687290781e-01 6.939514125508878806e-01 5.920706775080392115e-01 4.818551179851444655e-01 3.697640028895711195e-01 2.625682167056089811e-01 1.670269047073906221e-01 8.951364794504515499e-02 3.560684760480889444e-02 9.670049318156764828e-03 1.445823554152145252e-02 5.079322301910349502e-02 1.173529913440605199e-01 2.106145392681073591e-01 3.249773793312547010e-01 4.530760795149545439e-01 5.862677068964583516e-01 7.152569685236678243e-01 8.308020342899042898e-01 9.244309344389228800e-01
-6.389667368560918437e-01 -5.160487064371100940e-01 -3.735515551263579592e-01 -2.163859909316332986e-01 -5.012000312690011172e-02 1.192592540694107917e-01 2.856045735041553568e-01 4.428759536452070433e-01 5.854032957732062670e-01 7.081322520421631239e-01 8.068418477692971269e-01 8.783241416114384581e-01 9.205186617957998862e-01 9.325975183644553690e-01 9.150005099859638280e-01 8.694225811861583386e-01 7.987579659510728458e-01 7.070057815359354070e-01 5.991406004858708112e-01 4.809490210572950897e-01 3.588303584574443206e-01 2.395575019613585543e-01 1.299939778811868007e-01 3.676626918104112379e-02 -3.410322152864393719e-02 -7.758805556233927536e-02 -9.004948066308834931e-02 -6.959321471852414343e-02 -1.634987845955093722e-02 6.736362775060800168e-02 1.770389817480854666e-01 3.061520442149033849e-01 4.465249676933165657e-01 5.888580937436940221e-01 7.233920733881347154e-01 8.406411696622472229e-01 9.321260515399442115e-01
-5.311610852604637945e-01 -3.917929028568011840e-01 -2.360719795714876224e-01 -6.959075580379238402e-02 1.015427806285301160e-01 2.709733533597475374e-01 4.323801880386149432e-01 5.797581308742216777e-01 7.076844497913422627e-01 8.115585691275652991e-01 8.878034115977000429e-01 9.340191827804064095e-01 9.490834116958343225e-01 9.331946825514495503e-01 8.878613020471246564e-01 8.158394838294333873e-01 7.210278033377073292e-01 6.083251751345742919e-01 4.834583131762869579e-01 3.527819443566570512e-01 2.230518459571229628e-01 1.011682919487505439e-01 -6.113007707023075665e-03 -9.250293897503643337e-02 -1.525287101307151727e-01 -1.818974732501711655e-01 -1.778501193797883684e-01 -1.394722759795887224e-01 -6.792333751335621894e-02 3.345660326359872760e-02 1.591963267208182375e-01 3.019212338145331187e-01 4.527622699703481857e-01 6.019267773937009292e-01 7.393895394026630541e-01 8.556432830632090258e-01 9.424358322035474300e-01
-4.125877051233018955e-01 -2.593140631774703553e-01 -9.346566664868385943e-02 7.876733774098221286e-02 2.508486331910586564e-01 4.161903412345758224e-01 5.684522253052413099e-01 7.018301354705884787e-01 8.113193969107724834e-01 8.929402862690872800e-01 9.439147269862699918e-01 9.627860497220614988e-01 9.494771552606457998e-01 9.052864830814354447e-01 8.328253485199996753e-01 7.359037845667000255e-01 6.193743024446707324e-01 4.889434525352228111e-01 3.509596050809475343e-01 2.121823765621431157e-01 7.953550496772082701e-02 -4.015803107039639386e-02 -1.404609516204403663e-01 -2.156271643642374003e-01 -2.609232044985166921e-01 -2.729531324352295618e-01 -2.499650451618101454e-01 -1.921085901299907084e-01 -1.016070405153465250e-01 1.719324181384485062e-02 1.579273210496242030e-01 3.124888947742393563e-01 4.714804727006430829e-01 6.248149421648157009e-01 7.624249626086301301e-01 8.750182550360192657e-01 9.548054743282412549e-01
