inputs/trig.txt
ncols 80
nrows 80
xllcorner 0
yllcorner 0
cellsize 0.0001
[rows 0 to 16 of 80, columns 37 to 73 of 80]
-9.195160560180358766e-01 -9.174189544955270170e-01 -9.103444736531918213e-01 -8.983655015674556488e-01 -8.816021645338146806e-01 -8.602220097193281623e-01 -8.344386635735507873e-01 -8.045097448088026626e-01 -7.707342930697579364e-01 -7.334497726208314416e-01 -6.930286021726200785e-01 -6.498738708149556231e-01 -6.044132562731634462e-01 -5.570892245310286039e-01 -5.083426830613618774e-01 -4.585869010933321110e-01 -4.081692469564257575e-01 -3.573204893167041263e-01 -3.060950517335513377e-01 -2.543101913929672886e-01 -2.014966118470016554e-01 -1.468762273425792131e-01 -8.938336720585383921e-02 -2.774267253033622926e-02 3.939001325906003881e-02 1.132277555621236526e-01 1.946098104901569092e-01 2.837441131493036450e-01 3.799720583272941932e-01 4.815965705648070916e-01 5.858116287431324176e-01 6.887613841140080018e-01 7.857407150010394803e-01 8.715287466898788971e-01 9.408257716103071155e-01 9.887457955595776449e-01 1.011305004087875048e+00
-8.721308477577668361e-01 -8.618480790728659802e-01 -8.464585040122307724e-01 -8.261172089237805993e-01 -8.010294679587524058e-01 -7.714499714869388347e-01 -7.376804851662049911e-01 -7.000667298130943683e-01 -6.589947551178534368e-01 -6.148868789071398888e-01 -5.681971557590415056e-01 -5.194060477816846433e-01 -4.690133266242139665e-01 -4.175272984706789869e-01 -3.654475366657071178e-01 -3.132379473582142526e-01 -2.612877295606466088e-01 -2.098599870545780066e-01 -1.590313913076440988e-01 -1.086308749888979380e-01 -5.818987352086851111e-02 -6.919838632710621079e-03 4.626668255755065490e-02 1.026781470182114020e-01 1.637029900578728103e-01 2.306094692519391476e-01 3.043025478827735553e-01 3.850658559336381792e-01 4.723258185546911347e-01 5.644789544057010611e-01 6.588205159000850575e-01 7.516026185781862212e-01 8.382337124730570022e-01 9.136109348578713707e-01 9.725557914790403657e-01 1.010305405030830883e+00 1.022999638867728711e+00
-8.070658021855744435e-01 -7.881885610224230732e-01 -7.641901341396638569e-01 -7.353161047003582418e-01 -7.018639051194365264e-01 -6.641809247697807450e-01 -6.226610166017725323e-01 -5.777402069012660402e-01 -5.298918957581804090e-01 -4.796216347512728961e-01 -4.274614605467498274e-01 -3.739634720195698092e-01 -3.196916944813935069e-01 -2.652103368125529603e-01 -2.110656395433483656e-01 -1.577581518405736793e-01 -1.057030103716198044e-01 -5.517798789912208013e-02 -6.262719895178542329e-03 4.122290354293801223e-02 8.776865688683616051e-02 1.341964810077181380e-01 1.816392713271988701e-01 2.314626953646201635e-01 2.851237367074837548e-01 3.439699629347999776e-01 4.089956917942763059e-01 4.805830999277598270e-01 5.582653720602741565e-01 6.405529027237696349e-01 7.248607337812320583e-01 8.075653876797413977e-01 8.842029633218776441e-01 9.498000491442739612e-01 9.993079167127824070e-01 1.028092250618880543e+00 1.032418740331628060e+00
-7.256399121319410117e-01 -6.979863801758308117e-01 -6.653259725723926765e-01 -6.280013859424823375e-01 -5.864072290993023184e-01 -5.409868528987434866e-01 -4.922275663442899907e-01 -4.406550600989128097e-01 -3.868273421259568745e-01 -3.313282891134625152e-01 -2.747608093014813901e-01 -2.177393207903806083e-01 -1.608806047077125101e-01 -1.047911539326620983e-01 -5.004822922538444685e-02 2.828526776344867343e-03 5.341733369127150272e-02 1.014465984184552555e-01 1.468559051602782717e-01 1.898576774720467375e-01 2.309869850702895022e-01 2.711237653351600274e-01 3.114711637367683084e-01 3.534767389694598028e-01 3.986902346853156143e-01 4.485619223465020511e-01 5.041976985529547095e-01 5.660989921744254971e-01 6.339245921028489050e-01 7.063154223246072005e-01 7.808204637726045005e-01 8.539520004629344019e-01 9.213820755598642886e-01 9.782717316691420528e-01 1.019703519101025524e+00 1.041169548792094446e+00 1.039055436659807929e+00
-6.295038360149444179e-01 -5.931347168857272756e-01 -5.520130359016428567e-01 -5.065831098766456764e-01 -4.573393294933207343e-01 -4.048215725526712605e-01 -3.496090161782662853e-01 -2.923131888730688410e-01 -2.335705867803523073e-01 -1.740349770436135368e-01 -1.143694024658863384e-01 -5.523760920276660213e-02 2.706026657087029150e-03 5.882993787176321598e-02 1.125449449350917064e-01 1.633331130648010832e-01 2.107882937809568424e-01 2.546685665260248199e-01 2.949571594592997892e-01 3.319238539083737005e-01 3.661743451667672788e-01 3.986718320691122752e-01 4.307145446117293108e-01 4.638559629517876592e-01 4.997614396718489393e-01 5.400052421725309859e-01 5.858242131092303850e-01 6.378561208152209172e-01 6.958998290019996480e-01 7.587383325537073731e-01 8.240628803910834410e-01 8.885263855577887337e-01 9.479380316692688213e-01 9.975906740698968767e-01 1.032691543724691519e+00 1.048848554741492078e+00 1.042552586106001211e+00
-5.206064358392740177e-01 -4.758342176001170154e-01 -4.267121223699300581e-01 -3.737880692210161504e-01 -3.176560289175743290e-01 -2.589499102776538497e-01 -1.983358901974479893e-01 -1.365040505931280623e-01 -7.415966838468358857e-02 -1.201430228358669854e-02 4.922328976783840043e-02 1.088566626430105960e-01 1.662125333835396956e-01 2.206548178407053973e-01 2.716046173862866620e-01 3.185692842148114545e-01 3.611829649328688885e-01 3.992588339001201803e-01 4.328495943750653718e-01 4.623082538340471670e-01 4.883366510216319845e-01 5.120060149914645864e-01 5.347332761259150358e-01 5.581998959732099586e-01 5.842069439313327672e-01 6.144704562340387310e-01 6.503732959740282649e-01 6.927016088936268634e-01 7.414030287023591903e-01 7.954077045717826699e-01 8.525503986428019099e-01 9.096218812270793208e-01 9.625615606691844128e-01 1.006782973959149841e+00 1.037602673399127040e+00 1.050724836648227356e+00 1.042721995931168211e+00
-4.011552700385973003e-01 -3.485468072804367434e-01 -2.921443711239763985e-01 -2.325985542995982480e-01 -1.705995463299244397e-01 -1.068694219418820091e-01 -4.215295663422816835e-02 2.279214279943468993e-02 8.720522331812474714e-02 1.503327207043500813e-01 2.114381909395858516e-01 2.698125803920269905e-01 3.247856275447231766e-01 3.757402339573255312e-01 4.221325579790547455e-01 4.635209536833853616e-01 4.996061520179899129e-01 5.302828963731870404e-01 5.556996148426266435e-01 5.763181432381919711e-01 5.929609875232046967e-01 6.068304203300709521e-01 6.194831490975307720e-01 6.327473431436605456e-01 6.485757708568357094e-01 6.688391079910384063e-01 6.950756633736066004e-01 7.282256460004621346e-01 7.683871577950328602e-01 8.146350160467809021e-01 8.649406851375063265e-01 9.162215769642769736e-01 9.645316882486441035e-01 1.005385231083303132e+00 1.034183820870310688e+00 1.046699575979119556e+00 1.039554549653583404e+00
-2.735718420468742362e-01 -2.139440180569922578e-01 -1.512321676874044951e-01 -8.618537723099306547e-02 -1.958324119250349354e-02 4.777346794613852865e-02 1.150734739274325569e-01 1.815061010295303257e-01 2.462724149181176880e-01 3.085962127665941024e-01 3.677347899464951664e-01 4.229897099010025419e-01 4.737184574144563398e-01 5.193488040826846897e-01 5.593986344343266914e-01 5.935043540649047600e-01 6.214602797061935524e-01 6.432692304183250664e-01 6.592009131735051541e-01 6.698501317927597620e-01 6.761823265358147816e-01 6.795507611554469918e-01 6.816691203219665818e-01 6.845263329925271867e-01 6.902374036685312575e-01 7.008343453619441110e-01 7.180134950200022237e-01 7.428673709346415022e-01 7.756382925531973838e-01 8.155349028989773430e-01 8.606499089100115851e-01 9.080073337675645950e-01 9.537512824927644184e-01 9.934679081569046666e-01 1.022611171263820617e+00 1.036984771983090026e+00 1.033220697635723218e+00
-1.404425117956093760e-01 -7.485091860968501321e-02 -7.035678999258130305e-03 6.216333767591795262e-02 1.318876147446326474e-01 2.012708963335991807e-01 2.694512591215774688e-01 3.355834072715476180e-01 3.988507732525403138e-01 4.584772168814727489e-01 5.137382331961757309e-01 5.639718831179494352e-01 6.085903187675602011e-01 6.470937283993248856e-01 6.790894502058826276e-01 7.043193818613530111e-01 7.226980959212135902e-01 7.343618950628233444e-01 7.397254196687828021e-01 7.395378601476673142e-01 7.349263086175982229e-01 7.274105976080130764e-01 7.188734226130285565e-01 7.114726005925856578e-01 7.074892849419541774e-01 7.091162708055326336e-01 7.182027124079288782e-01 7.359834530888361703e-01 7.628302292109617744e-01 7.980659278480856100e-01 8.398802515666397017e-01 8.853751200626613915e-01 9.307518427141826534e-01 9.716317787113690763e-01 1.003481102664703695e+00 1.022092076282202333e+00 1.024061284607917566e+00
-4.466065254812885167e-03 6.581317890528587400e-02 1.373136037236053486e-01 2.091159981051823324e-01 2.802971990556202275e-01 3.499424648275888949e-01 4.171587748359718018e-01 4.810880899837345903e-01 5.409201341938693064e-01 5.959044719725459238e-01 6.453617798877395728e-01 6.886945182658281706e-01 7.253978725963616814e-01 7.550727926439664284e-01 7.774438869992769119e-01 7.923853138071853541e-01 7.999570969083917849e-01 8.004521255088472564e-01 7.944504787024225800e-01 7.828731603535419303e-01 7.670228158864321744e-01 7.485958188162644689e-01 7.296495666823196169e-01 7.125118832884871356e-01 6.996263938566097407e-01 6.933380535916606746e-01 6.956351977358808947e-01 7.078763592194188270e-01 7.305391587557161781e-01 7.630324884844692512e-01 8.036103804770714509e-01 8.494159240047332027e-01 8.966672952891573400e-01 9.409776410283628989e-01 9.777794527217165133e-01 1.002805845608240487e+00 1.012569207728900356e+00
1.316009951167139702e-01 2.050959899285286214e-01 2.786808710616276441e-01 3.513723641146954124e-01 4.222007451448954174e-01 4.902234843808329079e-01 5.545395195674827082e-01 6.143031690064870709e-01 6.687372267126523440e-01 7.171450017510661024e-01 7.589211928097207016e-01 7.935618036300187139e-01 8.206739743686883859e-01 8.399875687429620985e-01 8.513712927107562889e-01 8.548565093995679209e-01 8.506712091330195236e-01 8.392844275001535292e-01 8.214577923240283797e-01 7.982963286631288291e-01 7.712861404296168510e-01 7.423034061541934348e-01 7.135785800990579464e-01 6.876027481587920764e-01 6.669700577991513057e-01 6.541604543893206891e-01 6.512791421759281940e-01 6.597810636105367887e-01 6.802177460652319985e-01 7.120477770030985143e-01 7.535493339153140901e-01 8.018631622838130468e-01 8.531780884251296548e-01 9.030508249325486236e-01 9.468307150725939758e-01 9.801418319220114306e-01 9.993628922213817489e-01
2.650003299446339056e-01 3.400742206015690550e-01 4.139960735285289628e-01 4.857376644104118846e-01 5.543044994612331688e-01 6.187504456215883186e-01 6.781926311651004236e-01 7.318256074309027470e-01 7.789343013073398714e-01 8.189055146308896749e-01 8.512378627746632898e-01 8.755503664863453217e-01 8.915905876735525926e-01 8.992441716380231709e-01 8.985486008937443314e-01 8.897143609827316002e-01 8.731560186167516280e-01 8.495335516994805269e-01 8.198006630739561595e-01 7.852522616551352863e-01 7.475587866790855962e-01 7.087718713900036382e-01 6.712852967806964832e-01 6.377382438157999101e-01 6.108548208970685511e-01 5.932241539108841222e-01 5.870375085507456570e-01 5.938107855633873999e-01 6.141297794805160581e-01 6.474594972012244209e-01 6.920559910844312768e-01 7.450091205975988284e-01 8.024283421189530863e-01 8.597632889553806779e-01 9.122297836717377928e-01 9.552936855915271641e-01 9.851530119430901289e-01
3.930276797501167096e-01 4.679149224086880388e-01 5.403205933265537997e-01 6.091943440220899397e-01 6.735421735157152145e-01 7.324416655108257901e-01 7.850570752174254041e-01 8.306532436509809214e-01 8.686078641202240602e-01 8.984218603606005660e-01 9.197277801636800643e-01 9.322964383461631588e-01 9.360427275164019401e-01 9.310324944912627965e-01 9.174933299079724991e-01 8.958325202388296438e-01 8.666647169125228922e-01 8.308497211336342003e-01 7.895371789232394910e-01 7.442104352555420910e-01 6.967172896065032539e-01 6.492722159784166669e-01 6.044140636850829917e-01 5.649063106911230703e-01 5.335739061175251985e-01 5.130810444344371390e-01 5.056663904514613339e-01 5.128641384061513042e-01 5.352483307067589235e-01 5.722417592648730844e-01 6.220279216017829960e-01 6.815944537870932685e-01 7.469201380073546837e-01 8.132972350910392390e-01 8.757597624677969650e-01 9.295700891574188995e-01 9.707042457652425016e-01
5.130876854580395108e-01 5.859349506336795077e-01 6.549110618215548962e-01 7.189698320824592370e-01 7.771461161595125677e-01 8.285711766667804845e-01 8.724874209999698982e-01 9.082614828825302800e-01 9.353951787557786002e-01 9.535341134364828664e-01 9.624738632038098984e-01 9.621640035038176997e-01 9.527109416139940556e-01 9.343815018779282333e-01 9.076101678540327011e-01 8.730132934468372019e-01 8.314129055333752127e-01 7.838705682067008684e-01 7.317281770942277719e-01 6.766480075808403161e-01 6.206398338027205863e-01 5.660597541815259870e-01 5.155648092188266363e-01 4.720105281239850292e-01 4.382854996944108850e-01 4.170873615799416401e-01 4.106567703522272517e-01 4.204977697272089809e-01 4.471220064803074212e-01 4.898581302878455834e-01 5.467648518630124910e-01 6.146760722922626208e-01 6.893901608681741733e-01 7.659951000967896162e-01 8.393000759786461984e-01 9.043258326747604103e-01 9.567941277694063107e-01
6.227465012858661719e-01 6.916572787062731376e-01 7.552789368243825185e-01 8.125988077915977659e-01 8.627115541265027998e-01 9.048340877170923946e-01 9.383193291476893405e-01 9.626677890307085983e-01 9.775365201166673623e-01 9.827452437838598565e-01 9.782796184579796162e-01 9.642919661321274205e-01 9.411004750855419543e-01 9.091888919299646599e-01 8.692096794262034187e-01 8.219940294835309524e-01 7.685714349831294090e-01 7.101993739009789808e-01 6.484000581368929428e-01 5.849966537577084846e-01 5.221368696562791456e-01 4.622886261464671520e-01 4.081919589981334862e-01 3.627543578157468862e-01 3.288836876937820675e-01 3.092631317700410554e-01 3.060847495330770163e-01 3.207700887868186190e-01 3.537153088819480207e-01 4.041021466648869742e-01 4.698131817570299074e-01 5.474797834744915548e-01 6.326747736359736862e-01 7.202414690727840796e-01 8.047296161390760094e-01 8.808904607007465026e-01 9.441712056645865658e-01
7.197811334493907642e-01 7.828629865020999556e-01 8.392445458486552656e-01 8.879785662071691954e-01 9.282524097397433227e-01 9.594018475373750077e-01 9.809231299045648722e-01 9.924823294334964574e-01 9.939215399813358109e-01 9.852617810181119040e-01 9.667026315320593755e-01 9.386189760765019097e-01 9.015559560327447430e-01 8.562242213432197380e-01 8.034985468465979386e-01 7.444232941535423587e-01 6.802275162326827385e-01 6.123503518072750396e-01 5.424737537528885323e-01 4.725550462153196851e-01 4.048472898053914748e-01 3.418922412927074550e-01 2.864701290793336685e-01 2.414934984988138522e-01 2.098393190646825612e-01 1.941238214390575423e-01 1.964366752446498054e-01 2.180629474388650346e-01 2.592302859403385895e-01 3.189226323186769019e-01 3.947988781127581559e-01 4.832447912458324168e-01 5.795701780505103651e-01 6.783428642686175625e-01 7.738299165943072211e-01 8.604982488923089701e-01 9.335147590532528739e-01
8.022245044954784410e-01 8.576378314559925942e-01 9.049844216964544330e-01 9.434162404642791877e-01 9.722474001851303393e-01 9.909660883089792538e-01 9.992441656199472222e-01 9.969434787391926456e-01 9.841185226739326275e-01 9.610153677102923897e-01 9.280669505701786282e-01 8.858851976085022617e-01 8.352511661034240920e-01 7.771053977889316178e-01 7.125416515457643207e-01 6.428076007181561247e-01 5.693153962818845448e-01 4.936628443037606173e-01 4.176623382847733379e-01 3.433701304184078040e-01 2.731040013088072982e-01 2.094341837618187707e-01 1.551318184557997637e-01 1.130622379733822874e-01 8.601729851611249200e-02 7.649123818985692491e-02 8.641666750651841311e-02 1.168891095767725097e-01 1.679174958552373809e-01 2.382418663691300842e-01 3.252566189473722336e-01 4.250675499161651327e-01 5.326945553463977578e-01 6.424114691775997255e-01 7.481933441980530564e-01 8.442231981509072947e-01 9.253982452345772547e-01
